verydifficult
[83,111,108,117,116,105,111,110,32,102,111,117,110,100,32,97,102,116,101,114,32]0[32,98,97,99,107,116,114,97,99,107,115]
598731246
436289571
127546938
682193457
943857612
715624389
371462895
864975123
259318764
execution time was 548 ms.
expert
[83,111,108,117,116,105,111,110,32,102,111,117,110,100,32,97,102,116,101,114,32]0[32,98,97,99,107,116,114,97,99,107,115]
672149835
395826147
481753629
523618974
746592318
918374562
234965781
857431296
169287453
execution time was 167394 ms.
lambda
