verydifficult
[83,111,108,117,116,105,111,110,32,102,111,117,110,100,32,97,102,116,101,114,32]1[32,98,97,99,107,116,114,97,99,107,115]
598731246
436289571
127546938
682193457
943857612
715624389
371462895
864975123
259318764
execution time was 473 ms.
expert
[83,111,108,117,116,105,111,110,32,102,111,117,110,100,32,97,102,116,101,114,32]11[32,98,97,99,107,116,114,97,99,107,115]
672149835
395826147
481753629
523618974
746592318
918374562
234965781
857431296
169287453
execution time was 671 ms.
lambda
[83,111,108,117,116,105,111,110,32,102,111,117,110,100,32,97,102,116,101,114,32]11[32,98,97,99,107,116,114,97,99,107,115]
184963725
562748319
397512864
239657148
756184293
418239657
941376582
623895471
875421936
execution time was 4271 ms.
hard17
[83,111,108,117,116,105,111,110,32,102,111,117,110,100,32,97,102,116,101,114,32]8[32,98,97,99,107,116,114,97,99,107,115]
742895316
835617429
169234587
598361742
613742958
427958631
971483265
386529174
254176893
execution time was 2016 ms.
symme
[83,111,108,117,116,105,111,110,32,102,111,117,110,100,32,97,102,116,101,114,32]6[32,98,97,99,107,116,114,97,99,107,115]
372519864
581246379
946783512
713928456
259164738
864357921
135892647
697431285
428675193
execution time was 1307 ms.
eastermonster
[83,111,108,117,116,105,111,110,32,102,111,117,110,100,32,97,102,116,101,114,32]10[32,98,97,99,107,116,114,97,99,107,115]
174385962
293467158
586192734
451923876
928674315
367851249
719548623
635219487
842736591
execution time was 1488 ms.
tarek_052
[83,111,108,117,116,105,111,110,32,102,111,117,110,100,32,97,102,116,101,114,32]9[32,98,97,99,107,116,114,97,99,107,115]
761354289
298167345
453928167
812649753
976513428
534872691
327485916
189236574
645791832
execution time was 4081 ms.
goldennugget
[83,111,108,117,116,105,111,110,32,102,111,117,110,100,32,97,102,116,101,114,32]11[32,98,97,99,107,116,114,97,99,107,115]
751846239
892371465
643259871
238197546
974562318
165438927
319684752
527913684
486725193
execution time was 3302 ms.
coloin
[83,111,108,117,116,105,111,110,32,102,111,117,110,100,32,97,102,116,101,114,32]14[32,98,97,99,107,116,114,97,99,107,115]
925413786
684579132
317682594
143296875
869357241
752841369
576134928
238965417
491728653
execution time was 1607 ms.
extra1
[83,111,108,117,116,105,111,110,32,102,111,117,110,100,32,97,102,116,101,114,32]13[32,98,97,99,107,116,114,97,99,107,115]
798624315
315879246
264315978
129587463
683241759
457936182
942158637
531762894
876493521
execution time was 4251 ms.
extra2
[83,111,108,117,116,105,111,110,32,102,111,117,110,100,32,97,102,116,101,114,32]20[32,98,97,99,107,116,114,97,99,107,115]
361928754
458637291
729451836
284195367
693742518
517863942
832516479
976384125
145279683
execution time was 18592 ms.
extra3
[83,111,108,117,116,105,111,110,32,102,111,117,110,100,32,97,102,116,101,114,32]11[32,98,97,99,107,116,114,97,99,107,115]
184963725
562748319
397512864
239657148
756184293
418239657
941376582
623895471
875421936
execution time was 4302 ms.
extra4
[83,111,108,117,116,105,111,110,32,102,111,117,110,100,32,97,102,116,101,114,32]10[32,98,97,99,107,116,114,97,99,107,115]
184963725
562748319
397512864
239657148
756184293
418239657
941376582
623895471
875421936
execution time was 6218 ms.
inkara2012
[83,111,108,117,116,105,111,110,32,102,111,117,110,100,32,97,102,116,101,114,32]15[32,98,97,99,107,116,114,97,99,107,115]
812753649
943682175
675491283
154237896
369845721
287169534
521974368
438526917
796318452
execution time was 6829 ms.
clue18
[83,111,108,117,116,105,111,110,32,102,111,117,110,100,32,97,102,116,101,114,32]15[32,98,97,99,107,116,114,97,99,107,115]
728946315
934251678
516738249
147593826
369482157
852167493
293615784
481379562
675824931
execution time was 3326 ms.
clue17
[83,111,108,117,116,105,111,110,32,102,111,117,110,100,32,97,102,116,101,114,32]10[32,98,97,99,107,116,114,97,99,107,115]
693784512
487512936
125963874
932651487
568247391
741398625
319475268
856129743
274836159
execution time was 8760 ms.
sudowiki_nb28
[83,111,108,117,116,105,111,110,32,102,111,117,110,100,32,97,102,116,101,114,32]10[32,98,97,99,107,116,114,97,99,107,115]
625178943
948326157
371945862
257619384
463587291
189432576
792863415
516294738
834751629
execution time was 17830 ms.
sudowiki_nb49
[83,111,108,117,116,105,111,110,32,102,111,117,110,100,32,97,102,116,101,114,32]12[32,98,97,99,107,116,114,97,99,107,115]
742835691
539461287
186972543
618293754
257684319
394157862
825349176
971526438
463718925
execution time was 2777 ms.
veryeasy
[83,111,108,117,116,105,111,110,32,102,111,117,110,100,32,97,102,116,101,114,32]46[32,98,97,99,107,116,114,97,99,107,115]
259376418
387145692
461892357
976514823
148263975
532987146
815739264
623451789
794628531
execution time was 551 ms.
