puzzle nb 15
File FFIDECL.ecl, line 29: Singleton variable X
Solution found after 1003 bachtracks
final result
 0 0 0 0 0 0 0 0 0 0 0 0           0 0 0 0 0 0 0 0 0 0 0 0  
 0 0 0 0 0 0 0 0 0 0 0 0           0 0 0 0 0 0 0 0 0 0 0 0  
 0 0 0 0 1 0 0 0 0 0 0 0           0 0 0 0 1 0 0 0 0 0 0 0  
 0 0 0 0 0 0 1 0 0 0 0 0           0 0 0 0 0 0 1 0 0 0 0 0  
 0 0 0 0 0 0 0 0 0 0 0 0           0 0 0 0 0 0 0 0 0 0 0 0  
 0 1 0 1 0 0 0 1 0 1 0 0           0 2 0 2 0 0 0 3 0 2 0 0  
 0 1 0 1 0 1 0 1 0 1 0 0           0 2 0 2 0 1 0 3 0 2 0 0  
 0 0 0 0 0 0 0 1 0 0 0 0           0 0 0 0 0 0 0 3 0 0 0 0  
 0 0 0 0 0 0 0 0 0 0 1 0           0 0 0 0 0 0 0 0 0 0 3 0  
 0 0 0 1 0 0 0 0 0 0 1 0           0 0 0 1 0 0 0 0 0 0 3 0  
 0 0 0 0 0 1 1 1 1 0 1 0           0 0 0 0 0 4 4 4 4 0 3 0  
 0 0 0 0 0 0 0 0 0 0 0 0           0 0 0 0 0 0 0 0 0 0 0 0  
execution time was 4023 ms.
puzzle nb 17
File FFIDECL.ecl, line 29: Singleton variable X
Solution found after 1 bachtracks
final result
 0 0 0 0 0 0 0 0 0 0 0 0           0 0 0 0 0 0 0 0 0 0 0 0  
 0 0 0 0 0 0 0 0 0 0 0 0           0 0 0 0 0 0 0 0 0 0 0 0  
 0 0 0 0 0 0 0 0 0 0 0 0           0 0 0 0 0 0 0 0 0 0 0 0  
 0 0 0 0 0 0 1 0 0 1 0 0           0 0 0 0 0 0 3 0 0 3 0 0  
 0 1 1 1 1 0 1 0 0 1 0 0           0 4 4 4 4 0 3 0 0 3 0 0  
 0 0 0 0 0 0 1 0 0 1 0 0           0 0 0 0 0 0 3 0 0 3 0 0  
 0 1 1 0 0 0 0 0 0 0 0 0           0 2 2 0 0 0 0 0 0 0 0 0  
 0 0 0 0 0 1 1 0 1 0 0 0           0 0 0 0 0 2 2 0 2 0 0 0  
 0 1 0 1 0 0 0 0 1 0 1 0           0 1 0 1 0 0 0 0 2 0 1 0  
 0 0 0 0 0 0 0 0 0 0 0 0           0 0 0 0 0 0 0 0 0 0 0 0  
 0 1 0 0 0 0 0 0 0 0 0 0           0 1 0 0 0 0 0 0 0 0 0 0  
 0 0 0 0 0 0 0 0 0 0 0 0           0 0 0 0 0 0 0 0 0 0 0 0  
execution time was 349 ms.
puzzle nb 41
File FFIDECL.ecl, line 29: Singleton variable X
Solution found after 1 bachtracks
final result
 0 0 0 0 0 0 0 0 0 0 0 0           0 0 0 0 0 0 0 0 0 0 0 0  
 0 0 0 0 0 0 1 1 1 0 1 0           0 0 0 0 0 0 3 3 3 0 3 0  
 0 1 0 1 0 0 0 0 0 0 1 0           0 2 0 4 0 0 0 0 0 0 3 0  
 0 1 0 1 0 1 0 1 1 0 1 0           0 2 0 4 0 2 0 2 2 0 3 0  
 0 0 0 1 0 1 0 0 0 0 0 0           0 0 0 4 0 2 0 0 0 0 0 0  
 0 1 0 1 0 0 0 1 0 1 0 0           0 1 0 4 0 0 0 1 0 1 0 0  
 0 0 0 0 0 0 0 0 0 0 0 0           0 0 0 0 0 0 0 0 0 0 0 0  
 0 0 0 0 1 0 0 0 0 0 0 0           0 0 0 0 1 0 0 0 0 0 0 0  
 0 0 0 0 0 0 0 0 0 0 0 0           0 0 0 0 0 0 0 0 0 0 0 0  
 0 0 0 0 0 0 0 0 0 0 0 0           0 0 0 0 0 0 0 0 0 0 0 0  
 0 0 0 0 0 0 0 0 0 0 0 0           0 0 0 0 0 0 0 0 0 0 0 0  
 0 0 0 0 0 0 0 0 0 0 0 0           0 0 0 0 0 0 0 0 0 0 0 0  
execution time was 336 ms.
puzzle nb 42
File FFIDECL.ecl, line 29: Singleton variable X
Solution found after 6 bachtracks
final result
 0 0 0 0 0 0 0 0 0 0 0 0           0 0 0 0 0 0 0 0 0 0 0 0  
 0 0 0 0 0 1 1 1 0 1 1 0           0 0 0 0 0 3 3 3 0 2 2 0  
 0 1 0 0 0 0 0 0 0 0 0 0           0 1 0 0 0 0 0 0 0 0 0 0  
 0 0 0 0 0 0 1 1 1 1 0 0           0 0 0 0 0 0 4 4 4 4 0 0  
 0 0 0 0 1 0 0 0 0 0 0 0           0 0 0 0 2 0 0 0 0 0 0 0  
 0 0 1 0 1 0 1 0 1 0 0 0           0 0 2 0 2 0 1 0 1 0 0 0  
 0 0 1 0 0 0 0 0 0 0 0 0           0 0 2 0 0 0 0 0 0 0 0 0  
 0 0 0 0 0 0 0 0 0 0 0 0           0 0 0 0 0 0 0 0 0 0 0 0  
 0 0 0 0 0 0 0 0 0 0 0 0           0 0 0 0 0 0 0 0 0 0 0 0  
 0 0 0 1 1 1 0 0 0 0 0 0           0 0 0 3 3 3 0 0 0 0 0 0  
 0 0 0 0 0 0 0 1 0 0 0 0           0 0 0 0 0 0 0 1 0 0 0 0  
 0 0 0 0 0 0 0 0 0 0 0 0           0 0 0 0 0 0 0 0 0 0 0 0  
execution time was 390 ms.
puzzle nb 61
File FFIDECL.ecl, line 29: Singleton variable X
Solution found after 103 bachtracks
final result
 0 0 0 0 0 0 0 0 0 0 0 0           0 0 0 0 0 0 0 0 0 0 0 0  
 0 0 0 0 0 0 0 0 0 0 0 0           0 0 0 0 0 0 0 0 0 0 0 0  
 0 0 0 0 0 1 0 1 1 1 0 0           0 0 0 0 0 2 0 3 3 3 0 0  
 0 1 1 1 0 1 0 0 0 0 0 0           0 3 3 3 0 2 0 0 0 0 0 0  
 0 0 0 0 0 0 0 0 0 0 0 0           0 0 0 0 0 0 0 0 0 0 0 0  
 0 0 0 0 1 0 1 1 1 1 0 0           0 0 0 0 2 0 4 4 4 4 0 0  
 0 1 1 0 1 0 0 0 0 0 0 0           0 2 2 0 2 0 0 0 0 0 0 0  
 0 0 0 0 0 0 1 0 1 0 0 0           0 0 0 0 0 0 1 0 1 0 0 0  
 0 1 0 0 0 0 0 0 0 0 1 0           0 1 0 0 0 0 0 0 0 0 1 0  
 0 0 0 0 0 0 0 0 0 0 0 0           0 0 0 0 0 0 0 0 0 0 0 0  
 0 0 0 0 0 0 0 0 0 0 0 0           0 0 0 0 0 0 0 0 0 0 0 0  
 0 0 0 0 0 0 0 0 0 0 0 0           0 0 0 0 0 0 0 0 0 0 0 0  
execution time was 583 ms.
puzzle nb 62
File FFIDECL.ecl, line 29: Singleton variable X
Solution found after 2581 bachtracks
final result
 0 0 0 0 0 0 0 0 0 0 0 0           0 0 0 0 0 0 0 0 0 0 0 0  
 0 0 0 1 0 0 0 0 0 0 0 0           0 0 0 1 0 0 0 0 0 0 0 0  
 0 0 0 0 0 0 0 0 0 0 0 0           0 0 0 0 0 0 0 0 0 0 0 0  
 0 0 0 0 1 0 1 0 0 0 0 0           0 0 0 0 2 0 1 0 0 0 0 0  
 0 0 0 0 1 0 0 0 0 0 0 0           0 0 0 0 2 0 0 0 0 0 0 0  
 0 0 0 0 0 0 0 0 0 0 0 0           0 0 0 0 0 0 0 0 0 0 0 0  
 0 0 0 0 0 0 0 1 1 1 0 0           0 0 0 0 0 0 0 3 3 3 0 0  
 0 0 1 1 1 1 0 0 0 0 0 0           0 0 4 4 4 4 0 0 0 0 0 0  
 0 0 0 0 0 0 0 1 1 1 0 0           0 0 0 0 0 0 0 3 3 3 0 0  
 0 0 0 0 0 1 0 0 0 0 0 0           0 0 0 0 0 2 0 0 0 0 0 0  
 0 0 1 1 0 1 0 1 0 1 0 0           0 0 2 2 0 2 0 1 0 1 0 0  
 0 0 0 0 0 0 0 0 0 0 0 0           0 0 0 0 0 0 0 0 0 0 0 0  
execution time was 10579 ms.
puzzle nb 67
File FFIDECL.ecl, line 29: Singleton variable X
Solution found after 17 bachtracks
final result
 0 0 0 0 0 0 0 0 0 0 0 0           0 0 0 0 0 0 0 0 0 0 0 0  
 0 0 0 0 0 0 0 0 0 0 0 0           0 0 0 0 0 0 0 0 0 0 0 0  
 0 1 0 1 0 0 0 0 0 1 0 0           0 3 0 4 0 0 0 0 0 3 0 0  
 0 1 0 1 0 1 0 1 0 1 0 0           0 3 0 4 0 2 0 2 0 3 0 0  
 0 1 0 1 0 1 0 1 0 1 0 0           0 3 0 4 0 2 0 2 0 3 0 0  
 0 0 0 1 0 0 0 0 0 0 0 0           0 0 0 4 0 0 0 0 0 0 0 0  
 0 0 0 0 0 1 0 1 0 1 0 0           0 0 0 0 0 1 0 1 0 1 0 0  
 0 1 1 0 0 0 0 0 0 0 0 0           0 2 2 0 0 0 0 0 0 0 0 0  
 0 0 0 0 0 0 0 0 0 0 0 0           0 0 0 0 0 0 0 0 0 0 0 0  
 0 0 0 0 0 0 1 0 0 0 0 0           0 0 0 0 0 0 1 0 0 0 0 0  
 0 0 0 0 0 0 0 0 0 0 0 0           0 0 0 0 0 0 0 0 0 0 0 0  
 0 0 0 0 0 0 0 0 0 0 0 0           0 0 0 0 0 0 0 0 0 0 0 0  
execution time was 366 ms.
puzzle nb 68
File FFIDECL.ecl, line 29: Singleton variable X
Solution found after 377 bachtracks
final result
 0 0 0 0 0 0 0 0 0 0 0 0           0 0 0 0 0 0 0 0 0 0 0 0  
 0 0 0 0 0 0 0 0 0 0 0 0           0 0 0 0 0 0 0 0 0 0 0 0  
 0 0 1 0 0 0 0 0 0 0 0 0           0 0 3 0 0 0 0 0 0 0 0 0  
 0 0 1 0 0 1 0 0 1 1 0 0           0 0 3 0 0 4 0 0 2 2 0 0  
 0 0 1 0 0 1 0 0 0 0 0 0           0 0 3 0 0 4 0 0 0 0 0 0  
 0 0 0 0 0 1 0 1 1 0 1 0           0 0 0 0 0 4 0 2 2 0 1 0  
 0 1 0 1 0 1 0 0 0 0 0 0           0 1 0 1 0 4 0 0 0 0 0 0  
 0 0 0 0 0 0 0 1 1 0 1 0           0 0 0 0 0 0 0 2 2 0 1 0  
 0 0 1 0 0 0 0 0 0 0 0 0           0 0 3 0 0 0 0 0 0 0 0 0  
 0 0 1 0 0 0 0 0 0 0 0 0           0 0 3 0 0 0 0 0 0 0 0 0  
 0 0 1 0 0 0 0 0 0 0 0 0           0 0 3 0 0 0 0 0 0 0 0 0  
 0 0 0 0 0 0 0 0 0 0 0 0           0 0 0 0 0 0 0 0 0 0 0 0  
execution time was 2005 ms.
puzzle nb 70
File FFIDECL.ecl, line 29: Singleton variable X
Solution found after 44 bachtracks
final result
 0 0 0 0 0 0 0 0 0 0 0 0           0 0 0 0 0 0 0 0 0 0 0 0  
 0 0 0 0 0 0 0 1 1 1 0 0           0 0 0 0 0 0 0 3 3 3 0 0  
 0 0 0 0 1 0 0 0 0 0 0 0           0 0 0 0 1 0 0 0 0 0 0 0  
 0 1 1 0 0 0 1 1 1 1 0 0           0 2 2 0 0 0 4 4 4 4 0 0  
 0 0 0 0 1 0 0 0 0 0 0 0           0 0 0 0 1 0 0 0 0 0 0 0  
 0 0 0 0 0 0 1 1 0 1 1 0           0 0 0 0 0 0 2 2 0 2 2 0  
 0 1 1 1 0 0 0 0 0 0 0 0           0 3 3 3 0 0 0 0 0 0 0 0  
 0 0 0 0 0 1 0 1 0 0 0 0           0 0 0 0 0 1 0 1 0 0 0 0  
 0 0 0 0 0 0 0 0 0 0 0 0           0 0 0 0 0 0 0 0 0 0 0 0  
 0 0 0 0 0 0 0 0 0 0 0 0           0 0 0 0 0 0 0 0 0 0 0 0  
 0 0 0 0 0 0 0 0 0 0 0 0           0 0 0 0 0 0 0 0 0 0 0 0  
 0 0 0 0 0 0 0 0 0 0 0 0           0 0 0 0 0 0 0 0 0 0 0 0  
execution time was 576 ms.
puzzle nb 102
File FFIDECL.ecl, line 29: Singleton variable X
Solution found after 79 bachtracks
final result
 0 0 0 0 0 0 0 0 0 0 0 0           0 0 0 0 0 0 0 0 0 0 0 0  
 0 0 0 0 0 0 1 0 0 0 0 0           0 0 0 0 0 0 1 0 0 0 0 0  
 0 0 0 0 0 0 0 0 0 0 0 0           0 0 0 0 0 0 0 0 0 0 0 0  
 0 0 0 0 0 0 0 0 0 0 0 0           0 0 0 0 0 0 0 0 0 0 0 0  
 0 1 0 0 0 0 0 0 0 0 0 0           0 2 0 0 0 0 0 0 0 0 0 0  
 0 1 0 0 0 0 0 0 1 1 1 0           0 2 0 0 0 0 0 0 3 3 3 0  
 0 0 0 0 0 0 0 0 0 0 0 0           0 0 0 0 0 0 0 0 0 0 0 0  
 0 0 0 1 0 0 0 0 0 0 0 0           0 0 0 2 0 0 0 0 0 0 0 0  
 0 1 0 1 0 0 1 1 1 1 0 0           0 3 0 2 0 0 4 4 4 4 0 0  
 0 1 0 0 0 0 0 0 0 0 0 0           0 3 0 0 0 0 0 0 0 0 0 0  
 0 1 0 1 1 0 1 0 1 0 1 0           0 3 0 2 2 0 1 0 1 0 1 0  
 0 0 0 0 0 0 0 0 0 0 0 0           0 0 0 0 0 0 0 0 0 0 0 0  
execution time was 431 ms.
puzzle nb 112
File FFIDECL.ecl, line 29: Singleton variable X
Solution found after 353 bachtracks
final result
 0 0 0 0 0 0 0 0 0 0 0 0           0 0 0 0 0 0 0 0 0 0 0 0  
 0 0 1 1 1 0 1 0 0 0 0 0           0 0 3 3 3 0 1 0 0 0 0 0  
 0 0 0 0 0 0 0 0 0 0 0 0           0 0 0 0 0 0 0 0 0 0 0 0  
 0 0 0 0 0 0 0 0 0 0 0 0           0 0 0 0 0 0 0 0 0 0 0 0  
 0 0 0 1 0 0 0 0 0 0 0 0           0 0 0 2 0 0 0 0 0 0 0 0  
 0 0 0 1 0 0 0 0 0 0 0 0           0 0 0 2 0 0 0 0 0 0 0 0  
 0 0 0 0 0 0 0 0 0 0 0 0           0 0 0 0 0 0 0 0 0 0 0 0  
 0 1 0 0 1 0 1 0 0 0 0 0           0 4 0 0 2 0 2 0 0 0 0 0  
 0 1 0 0 1 0 1 0 1 0 0 0           0 4 0 0 2 0 2 0 1 0 0 0  
 0 1 0 0 0 0 0 0 0 0 1 0           0 4 0 0 0 0 0 0 0 0 1 0  
 0 1 0 1 0 1 1 1 0 0 0 0           0 4 0 1 0 3 3 3 0 0 0 0  
 0 0 0 0 0 0 0 0 0 0 0 0           0 0 0 0 0 0 0 0 0 0 0 0  
execution time was 1317 ms.
puzzle nb 118
File FFIDECL.ecl, line 29: Singleton variable X
Solution found after 1344 bachtracks
final result
 0 0 0 0 0 0 0 0 0 0 0 0           0 0 0 0 0 0 0 0 0 0 0 0  
 0 1 0 1 0 0 0 0 0 0 0 0           0 1 0 1 0 0 0 0 0 0 0 0  
 0 0 0 0 0 0 0 0 0 0 0 0           0 0 0 0 0 0 0 0 0 0 0 0  
 0 0 0 0 0 0 0 0 0 0 0 0           0 0 0 0 0 0 0 0 0 0 0 0  
 0 0 0 0 0 0 0 0 0 0 0 0           0 0 0 0 0 0 0 0 0 0 0 0  
 0 0 1 0 1 1 1 0 0 0 0 0           0 0 2 0 3 3 3 0 0 0 0 0  
 0 0 1 0 0 0 0 0 1 1 1 0           0 0 2 0 0 0 0 0 3 3 3 0  
 0 0 0 0 1 1 0 0 0 0 0 0           0 0 0 0 2 2 0 0 0 0 0 0  
 0 0 0 0 0 0 0 1 0 1 0 0           0 0 0 0 0 0 0 1 0 2 0 0  
 0 1 1 1 1 0 0 0 0 1 0 0           0 4 4 4 4 0 0 0 0 2 0 0  
 0 0 0 0 0 0 1 0 0 0 0 0           0 0 0 0 0 0 1 0 0 0 0 0  
 0 0 0 0 0 0 0 0 0 0 0 0           0 0 0 0 0 0 0 0 0 0 0 0  
execution time was 7180 ms.
puzzle nb 133
File FFIDECL.ecl, line 29: Singleton variable X
Solution found after 131 bachtracks
final result
 0 0 0 0 0 0 0 0 0 0 0 0           0 0 0 0 0 0 0 0 0 0 0 0  
 0 0 0 0 0 0 0 0 0 0 0 0           0 0 0 0 0 0 0 0 0 0 0 0  
 0 0 0 0 0 0 0 1 0 0 0 0           0 0 0 0 0 0 0 1 0 0 0 0  
 0 0 0 0 0 0 0 0 0 0 0 0           0 0 0 0 0 0 0 0 0 0 0 0  
 0 0 0 0 0 1 0 0 0 0 0 0           0 0 0 0 0 1 0 0 0 0 0 0  
 0 1 0 0 0 0 0 0 0 0 0 0           0 1 0 0 0 0 0 0 0 0 0 0  
 0 0 0 0 0 0 0 1 1 1 0 0           0 0 0 0 0 0 0 3 3 3 0 0  
 0 0 1 1 1 1 0 0 0 0 0 0           0 0 4 4 4 4 0 0 0 0 0 0  
 0 0 0 0 0 0 0 1 1 1 0 0           0 0 0 0 0 0 0 3 3 3 0 0  
 0 1 1 0 1 0 0 0 0 0 0 0           0 2 2 0 2 0 0 0 0 0 0 0  
 0 0 0 0 1 0 1 1 0 1 0 0           0 0 0 0 2 0 2 2 0 1 0 0  
 0 0 0 0 0 0 0 0 0 0 0 0           0 0 0 0 0 0 0 0 0 0 0 0  
execution time was 994 ms.
puzzle nb 161
File FFIDECL.ecl, line 29: Singleton variable X
Solution found after 0 bachtracks
final result
 0 0 0 0 0 0 0 0 0 0 0 0           0 0 0 0 0 0 0 0 0 0 0 0  
 0 0 0 0 0 0 0 0 0 0 0 0           0 0 0 0 0 0 0 0 0 0 0 0  
 0 0 0 0 0 0 0 0 0 0 0 0           0 0 0 0 0 0 0 0 0 0 0 0  
 0 0 0 0 0 0 1 0 1 1 1 0           0 0 0 0 0 0 2 0 3 3 3 0  
 0 0 1 1 1 0 1 0 0 0 0 0           0 0 3 3 3 0 2 0 0 0 0 0  
 0 0 0 0 0 0 0 0 0 1 1 0           0 0 0 0 0 0 0 0 0 2 2 0  
 0 1 0 0 1 1 1 1 0 0 0 0           0 1 0 0 4 4 4 4 0 0 0 0  
 0 0 0 0 0 0 0 0 0 1 0 0           0 0 0 0 0 0 0 0 0 1 0 0  
 0 1 0 0 0 0 0 1 0 0 0 0           0 1 0 0 0 0 0 2 0 0 0 0  
 0 0 0 0 0 0 0 1 0 0 1 0           0 0 0 0 0 0 0 2 0 0 1 0  
 0 0 0 0 0 0 0 0 0 0 0 0           0 0 0 0 0 0 0 0 0 0 0 0  
 0 0 0 0 0 0 0 0 0 0 0 0           0 0 0 0 0 0 0 0 0 0 0 0  
execution time was 343 ms.
puzzle nb 173
File FFIDECL.ecl, line 29: Singleton variable X
Solution found after 30 bachtracks
final result
 0 0 0 0 0 0 0 0 0 0 0 0           0 0 0 0 0 0 0 0 0 0 0 0  
 0 0 0 0 0 0 0 0 0 0 0 0           0 0 0 0 0 0 0 0 0 0 0 0  
 0 0 0 0 0 0 0 0 0 0 0 0           0 0 0 0 0 0 0 0 0 0 0 0  
 0 0 0 0 0 0 0 0 1 0 0 0           0 0 0 0 0 0 0 0 3 0 0 0  
 0 0 0 1 0 1 0 0 1 0 1 0           0 0 0 1 0 1 0 0 3 0 2 0  
 0 1 0 0 0 0 0 0 1 0 1 0           0 3 0 0 0 0 0 0 3 0 2 0  
 0 1 0 1 1 1 1 0 0 0 0 0           0 3 0 4 4 4 4 0 0 0 0 0  
 0 1 0 0 0 0 0 0 1 1 0 0           0 3 0 0 0 0 0 0 2 2 0 0  
 0 0 0 1 1 0 1 0 0 0 0 0           0 0 0 2 2 0 1 0 0 0 0 0  
 0 1 0 0 0 0 0 0 0 0 0 0           0 1 0 0 0 0 0 0 0 0 0 0  
 0 0 0 0 0 0 0 0 0 0 0 0           0 0 0 0 0 0 0 0 0 0 0 0  
 0 0 0 0 0 0 0 0 0 0 0 0           0 0 0 0 0 0 0 0 0 0 0 0  
execution time was 468 ms.
puzzle nb 177
File FFIDECL.ecl, line 29: Singleton variable X
Solution found after 730 bachtracks
final result
 0 0 0 0 0 0 0 0 0 0 0 0           0 0 0 0 0 0 0 0 0 0 0 0  
 0 0 0 0 0 1 1 0 0 0 0 0           0 0 0 0 0 2 2 0 0 0 0 0  
 0 0 0 0 0 0 0 0 0 0 0 0           0 0 0 0 0 0 0 0 0 0 0 0  
 0 1 1 0 0 0 0 0 1 1 1 0           0 2 2 0 0 0 0 0 3 3 3 0  
 0 0 0 0 0 1 0 0 0 0 0 0           0 0 0 0 0 2 0 0 0 0 0 0  
 0 0 0 0 0 1 0 1 0 1 0 0           0 0 0 0 0 2 0 1 0 1 0 0  
 0 1 1 1 0 0 0 0 0 0 0 0           0 3 3 3 0 0 0 0 0 0 0 0  
 0 0 0 0 0 0 0 0 1 0 1 0           0 0 0 0 0 0 0 0 1 0 1 0  
 0 0 0 1 1 1 1 0 0 0 0 0           0 0 0 4 4 4 4 0 0 0 0 0  
 0 0 0 0 0 0 0 0 0 0 0 0           0 0 0 0 0 0 0 0 0 0 0 0  
 0 0 0 0 0 0 0 0 0 0 0 0           0 0 0 0 0 0 0 0 0 0 0 0  
 0 0 0 0 0 0 0 0 0 0 0 0           0 0 0 0 0 0 0 0 0 0 0 0  
execution time was 2295 ms.
puzzle nb 182
File FFIDECL.ecl, line 29: Singleton variable X
Solution found after 3555 bachtracks
final result
 0 0 0 0 0 0 0 0 0 0 0 0           0 0 0 0 0 0 0 0 0 0 0 0  
 0 0 0 0 0 0 0 0 0 0 0 0           0 0 0 0 0 0 0 0 0 0 0 0  
 0 0 0 0 0 0 1 0 1 1 0 0           0 0 0 0 0 0 2 0 2 2 0 0  
 0 0 1 1 0 0 1 0 0 0 0 0           0 0 2 2 0 0 2 0 0 0 0 0  
 0 0 0 0 0 0 0 0 0 1 0 0           0 0 0 0 0 0 0 0 0 1 0 0  
 0 0 0 0 0 0 0 1 0 0 0 0           0 0 0 0 0 0 0 3 0 0 0 0  
 0 0 0 0 0 0 0 1 0 1 0 0           0 0 0 0 0 0 0 3 0 1 0 0  
 0 0 0 0 0 0 0 1 0 0 0 0           0 0 0 0 0 0 0 3 0 0 0 0  
 0 0 0 0 0 0 0 0 0 1 0 0           0 0 0 0 0 0 0 0 0 1 0 0  
 0 0 0 1 1 1 1 0 0 0 0 0           0 0 0 4 4 4 4 0 0 0 0 0  
 0 1 0 0 0 0 0 0 1 1 1 0           0 1 0 0 0 0 0 0 3 3 3 0  
 0 0 0 0 0 0 0 0 0 0 0 0           0 0 0 0 0 0 0 0 0 0 0 0  
execution time was 14016 ms.
puzzle nb 187
File FFIDECL.ecl, line 29: Singleton variable X
Solution found after 25 bachtracks
final result
 0 0 0 0 0 0 0 0 0 0 0 0           0 0 0 0 0 0 0 0 0 0 0 0  
 0 0 0 0 0 0 0 0 0 0 0 0           0 0 0 0 0 0 0 0 0 0 0 0  
 0 0 1 0 0 0 0 0 0 1 0 0           0 0 2 0 0 0 0 0 0 3 0 0  
 0 0 1 0 1 1 1 1 0 1 0 0           0 0 2 0 4 4 4 4 0 3 0 0  
 0 0 0 0 0 0 0 0 0 1 0 0           0 0 0 0 0 0 0 0 0 3 0 0  
 0 1 1 0 1 0 1 0 0 0 0 0           0 2 2 0 1 0 1 0 0 0 0 0  
 0 0 0 0 0 0 0 0 1 1 1 0           0 0 0 0 0 0 0 0 3 3 3 0  
 0 0 0 0 0 0 0 0 0 0 0 0           0 0 0 0 0 0 0 0 0 0 0 0  
 0 1 0 0 0 0 0 0 0 0 0 0           0 2 0 0 0 0 0 0 0 0 0 0  
 0 1 0 1 0 0 0 0 1 0 0 0           0 2 0 1 0 0 0 0 1 0 0 0  
 0 0 0 0 0 0 0 0 0 0 0 0           0 0 0 0 0 0 0 0 0 0 0 0  
 0 0 0 0 0 0 0 0 0 0 0 0           0 0 0 0 0 0 0 0 0 0 0 0  
execution time was 490 ms.
puzzle nb 189
File FFIDECL.ecl, line 29: Singleton variable X
Solution found after 1528 bachtracks
final result
 0 0 0 0 0 0 0 0 0 0 0 0           0 0 0 0 0 0 0 0 0 0 0 0  
 0 0 0 0 1 0 0 0 0 0 0 0           0 0 0 0 2 0 0 0 0 0 0 0  
 0 0 0 0 1 0 1 0 0 0 0 0           0 0 0 0 2 0 1 0 0 0 0 0  
 0 0 0 0 0 0 0 0 0 0 0 0           0 0 0 0 0 0 0 0 0 0 0 0  
 0 0 0 0 0 0 1 1 1 0 1 0           0 0 0 0 0 0 3 3 3 0 2 0  
 0 1 1 1 1 0 0 0 0 0 1 0           0 4 4 4 4 0 0 0 0 0 2 0  
 0 0 0 0 0 0 1 0 0 0 0 0           0 0 0 0 0 0 1 0 0 0 0 0  
 0 1 1 1 0 0 0 0 0 1 0 0           0 3 3 3 0 0 0 0 0 2 0 0  
 0 0 0 0 0 1 0 1 0 1 0 0           0 0 0 0 0 1 0 1 0 2 0 0  
 0 0 0 0 0 0 0 0 0 0 0 0           0 0 0 0 0 0 0 0 0 0 0 0  
 0 0 0 0 0 0 0 0 0 0 0 0           0 0 0 0 0 0 0 0 0 0 0 0  
 0 0 0 0 0 0 0 0 0 0 0 0           0 0 0 0 0 0 0 0 0 0 0 0  
execution time was 7953 ms.
puzzle nb 204
File FFIDECL.ecl, line 29: Singleton variable X
Solution found after 793 bachtracks
final result
 0 0 0 0 0 0 0 0 0 0 0 0           0 0 0 0 0 0 0 0 0 0 0 0  
 0 1 1 0 0 0 0 0 0 0 0 0           0 2 2 0 0 0 0 0 0 0 0 0  
 0 0 0 0 0 1 0 1 0 0 0 0           0 0 0 0 0 3 0 3 0 0 0 0  
 0 1 1 0 0 1 0 1 0 1 0 0           0 2 2 0 0 3 0 3 0 1 0 0  
 0 0 0 0 0 1 0 1 0 0 0 0           0 0 0 0 0 3 0 3 0 0 0 0  
 0 0 1 0 0 0 0 0 0 0 0 0           0 0 1 0 0 0 0 0 0 0 0 0  
 0 0 0 0 0 1 0 0 0 0 0 0           0 0 0 0 0 1 0 0 0 0 0 0  
 0 0 0 0 0 0 0 0 0 0 0 0           0 0 0 0 0 0 0 0 0 0 0 0  
 0 0 0 0 0 0 0 1 1 0 1 0           0 0 0 0 0 0 0 2 2 0 1 0  
 0 1 1 1 1 0 0 0 0 0 0 0           0 4 4 4 4 0 0 0 0 0 0 0  
 0 0 0 0 0 0 0 0 0 0 0 0           0 0 0 0 0 0 0 0 0 0 0 0  
 0 0 0 0 0 0 0 0 0 0 0 0           0 0 0 0 0 0 0 0 0 0 0 0  
execution time was 2542 ms.
puzzle nb 222
File FFIDECL.ecl, line 29: Singleton variable X
Solution found after 119 bachtracks
final result
 0 0 0 0 0 0 0 0 0 0 0 0           0 0 0 0 0 0 0 0 0 0 0 0  
 0 0 0 0 0 1 0 0 0 0 0 0           0 0 0 0 0 3 0 0 0 0 0 0  
 0 1 0 0 0 1 0 1 1 1 1 0           0 2 0 0 0 3 0 4 4 4 4 0  
 0 1 0 0 0 1 0 0 0 0 0 0           0 2 0 0 0 3 0 0 0 0 0 0  
 0 0 0 0 0 0 0 1 1 0 1 0           0 0 0 0 0 0 0 2 2 0 2 0  
 0 1 1 1 0 1 0 0 0 0 1 0           0 3 3 3 0 1 0 0 0 0 2 0  
 0 0 0 0 0 0 0 1 0 0 0 0           0 0 0 0 0 0 0 1 0 0 0 0  
 0 0 0 0 0 0 0 0 0 0 0 0           0 0 0 0 0 0 0 0 0 0 0 0  
 0 0 0 0 0 0 0 0 0 0 0 0           0 0 0 0 0 0 0 0 0 0 0 0  
 0 0 0 0 0 0 0 0 0 0 0 0           0 0 0 0 0 0 0 0 0 0 0 0  
 0 0 0 0 1 0 1 0 0 0 0 0           0 0 0 0 1 0 1 0 0 0 0 0  
 0 0 0 0 0 0 0 0 0 0 0 0           0 0 0 0 0 0 0 0 0 0 0 0  
execution time was 850 ms.
puzzle nb 233
File FFIDECL.ecl, line 29: Singleton variable X
Solution found after 9 bachtracks
final result
 0 0 0 0 0 0 0 0 0 0 0 0           0 0 0 0 0 0 0 0 0 0 0 0  
 0 0 0 0 0 0 0 0 0 0 1 0           0 0 0 0 0 0 0 0 0 0 1 0  
 0 0 0 0 0 0 0 0 0 0 0 0           0 0 0 0 0 0 0 0 0 0 0 0  
 0 0 1 0 0 1 0 0 0 0 0 0           0 0 3 0 0 1 0 0 0 0 0 0  
 0 0 1 0 0 0 0 0 0 0 1 0           0 0 3 0 0 0 0 0 0 0 4 0  
 0 0 1 0 1 1 0 0 0 0 1 0           0 0 3 0 2 2 0 0 0 0 4 0  
 0 0 0 0 0 0 0 0 0 0 1 0           0 0 0 0 0 0 0 0 0 0 4 0  
 0 1 1 1 0 1 0 0 0 0 1 0           0 3 3 3 0 2 0 0 0 0 4 0  
 0 0 0 0 0 1 0 0 0 0 0 0           0 0 0 0 0 2 0 0 0 0 0 0  
 0 0 0 0 0 0 0 0 0 0 0 0           0 0 0 0 0 0 0 0 0 0 0 0  
 0 0 0 0 0 1 0 1 1 0 1 0           0 0 0 0 0 1 0 2 2 0 1 0  
 0 0 0 0 0 0 0 0 0 0 0 0           0 0 0 0 0 0 0 0 0 0 0 0  
execution time was 342 ms.
puzzle nb 271
File FFIDECL.ecl, line 29: Singleton variable X
Solution found after 2670 bachtracks
final result
 0 0 0 0 0 0 0 0 0 0 0 0           0 0 0 0 0 0 0 0 0 0 0 0  
 0 0 0 1 0 0 0 0 0 0 0 0           0 0 0 1 0 0 0 0 0 0 0 0  
 0 1 0 0 0 0 0 0 0 0 0 0           0 1 0 0 0 0 0 0 0 0 0 0  
 0 0 0 0 1 0 0 0 0 0 0 0           0 0 0 0 2 0 0 0 0 0 0 0  
 0 0 1 0 1 0 0 0 0 0 0 0           0 0 4 0 2 0 0 0 0 0 0 0  
 0 0 1 0 0 0 0 0 1 1 1 0           0 0 4 0 0 0 0 0 3 3 3 0  
 0 0 1 0 1 1 0 0 0 0 0 0           0 0 4 0 2 2 0 0 0 0 0 0  
 0 0 1 0 0 0 0 0 0 0 0 0           0 0 4 0 0 0 0 0 0 0 0 0  
 0 0 0 0 0 0 0 0 0 0 0 0           0 0 0 0 0 0 0 0 0 0 0 0  
 0 1 1 1 0 0 0 0 1 0 1 0           0 3 3 3 0 0 0 0 1 0 1 0  
 0 0 0 0 0 1 1 0 0 0 0 0           0 0 0 0 0 2 2 0 0 0 0 0  
 0 0 0 0 0 0 0 0 0 0 0 0           0 0 0 0 0 0 0 0 0 0 0 0  
execution time was 10037 ms.
puzzle nb 280
File FFIDECL.ecl, line 29: Singleton variable X
Solution found after 88 bachtracks
final result
 0 0 0 0 0 0 0 0 0 0 0 0           0 0 0 0 0 0 0 0 0 0 0 0  
 0 0 0 1 1 1 0 1 1 1 0 0           0 0 0 3 3 3 0 3 3 3 0 0  
 0 1 0 0 0 0 0 0 0 0 0 0           0 1 0 0 0 0 0 0 0 0 0 0  
 0 0 0 1 0 0 0 0 0 0 0 0           0 0 0 4 0 0 0 0 0 0 0 0  
 0 0 0 1 0 0 0 0 0 0 0 0           0 0 0 4 0 0 0 0 0 0 0 0  
 0 1 0 1 0 1 1 0 0 0 0 0           0 2 0 4 0 2 2 0 0 0 0 0  
 0 1 0 1 0 0 0 0 1 1 0 0           0 2 0 4 0 0 0 0 2 2 0 0  
 0 0 0 0 0 1 0 0 0 0 0 0           0 0 0 0 0 1 0 0 0 0 0 0  
 0 0 0 0 0 0 0 0 0 0 0 0           0 0 0 0 0 0 0 0 0 0 0 0  
 0 0 0 0 1 0 0 0 0 0 0 0           0 0 0 0 1 0 0 0 0 0 0 0  
 0 0 0 0 0 0 1 0 0 0 0 0           0 0 0 0 0 0 1 0 0 0 0 0  
 0 0 0 0 0 0 0 0 0 0 0 0           0 0 0 0 0 0 0 0 0 0 0 0  
execution time was 565 ms.
puzzle nb 281
File FFIDECL.ecl, line 29: Singleton variable X
Solution found after 429 bachtracks
final result
 0 0 0 0 0 0 0 0 0 0 0 0           0 0 0 0 0 0 0 0 0 0 0 0  
 0 0 0 0 0 1 0 0 0 0 0 0           0 0 0 0 0 1 0 0 0 0 0 0  
 0 0 0 0 0 0 0 0 0 0 0 0           0 0 0 0 0 0 0 0 0 0 0 0  
 0 0 1 0 1 0 1 0 1 1 0 0           0 0 1 0 1 0 4 0 2 2 0 0  
 0 0 0 0 0 0 1 0 0 0 0 0           0 0 0 0 0 0 4 0 0 0 0 0  
 0 1 0 0 1 0 1 0 0 0 0 0           0 2 0 0 1 0 4 0 0 0 0 0  
 0 1 0 0 0 0 1 0 0 0 0 0           0 2 0 0 0 0 4 0 0 0 0 0  
 0 0 0 0 0 0 0 0 0 0 0 0           0 0 0 0 0 0 0 0 0 0 0 0  
 0 0 0 0 0 0 0 0 0 0 0 0           0 0 0 0 0 0 0 0 0 0 0 0  
 0 1 1 1 0 1 0 0 0 0 0 0           0 3 3 3 0 2 0 0 0 0 0 0  
 0 0 0 0 0 1 0 1 1 1 0 0           0 0 0 0 0 2 0 3 3 3 0 0  
 0 0 0 0 0 0 0 0 0 0 0 0           0 0 0 0 0 0 0 0 0 0 0 0  
execution time was 1332 ms.
puzzle nb 284
File FFIDECL.ecl, line 29: Singleton variable X
Solution found after 22 bachtracks
final result
 0 0 0 0 0 0 0 0 0 0 0 0           0 0 0 0 0 0 0 0 0 0 0 0  
 0 0 0 0 0 0 0 0 0 0 0 0           0 0 0 0 0 0 0 0 0 0 0 0  
 0 0 0 0 0 0 0 0 0 1 0 0           0 0 0 0 0 0 0 0 0 1 0 0  
 0 0 0 0 0 0 0 0 0 0 0 0           0 0 0 0 0 0 0 0 0 0 0 0  
 0 0 0 0 0 0 0 0 0 0 0 0           0 0 0 0 0 0 0 0 0 0 0 0  
 0 1 0 0 0 0 0 0 1 1 1 0           0 3 0 0 0 0 0 0 3 3 3 0  
 0 1 0 1 1 0 1 0 0 0 0 0           0 3 0 2 2 0 1 0 0 0 0 0  
 0 1 0 0 0 0 0 0 0 1 1 0           0 3 0 0 0 0 0 0 0 2 2 0  
 0 0 0 0 1 1 1 1 0 0 0 0           0 0 0 0 4 4 4 4 0 0 0 0  
 0 1 0 0 0 0 0 0 0 1 0 0           0 2 0 0 0 0 0 0 0 1 0 0  
 0 1 0 0 0 0 1 0 0 0 0 0           0 2 0 0 0 0 1 0 0 0 0 0  
 0 0 0 0 0 0 0 0 0 0 0 0           0 0 0 0 0 0 0 0 0 0 0 0  
execution time was 461 ms.
