puzzle nb 15
File LDDMinECL.ecl, line 29: Singleton variable X
Solution found after 2623 bachtracks
final result
 0 0 0 0 0 0 0 0 0 0 0 0           0 0 0 0 0 0 0 0 0 0 0 0  
 0 0 0 0 0 0 0 0 0 0 0 0           0 0 0 0 0 0 0 0 0 0 0 0  
 0 0 0 0 1 0 0 0 0 0 0 0           0 0 0 0 1 0 0 0 0 0 0 0  
 0 0 0 0 0 0 1 0 0 0 0 0           0 0 0 0 0 0 1 0 0 0 0 0  
 0 0 0 0 0 0 0 0 0 0 0 0           0 0 0 0 0 0 0 0 0 0 0 0  
 0 1 0 1 0 0 0 1 0 1 0 0           0 2 0 2 0 0 0 3 0 2 0 0  
 0 1 0 1 0 1 0 1 0 1 0 0           0 2 0 2 0 1 0 3 0 2 0 0  
 0 0 0 0 0 0 0 1 0 0 0 0           0 0 0 0 0 0 0 3 0 0 0 0  
 0 0 0 0 0 0 0 0 0 0 1 0           0 0 0 0 0 0 0 0 0 0 3 0  
 0 0 0 1 0 0 0 0 0 0 1 0           0 0 0 1 0 0 0 0 0 0 3 0  
 0 0 0 0 0 1 1 1 1 0 1 0           0 0 0 0 0 4 4 4 4 0 3 0  
 0 0 0 0 0 0 0 0 0 0 0 0           0 0 0 0 0 0 0 0 0 0 0 0  
execution time was 6483 ms.
puzzle nb 17
File LDDMinECL.ecl, line 29: Singleton variable X
Solution found after 20 bachtracks
final result
 0 0 0 0 0 0 0 0 0 0 0 0           0 0 0 0 0 0 0 0 0 0 0 0  
 0 0 0 0 0 0 0 0 0 0 0 0           0 0 0 0 0 0 0 0 0 0 0 0  
 0 0 0 0 0 0 0 0 0 0 0 0           0 0 0 0 0 0 0 0 0 0 0 0  
 0 0 0 0 0 0 1 0 0 1 0 0           0 0 0 0 0 0 3 0 0 3 0 0  
 0 1 1 1 1 0 1 0 0 1 0 0           0 4 4 4 4 0 3 0 0 3 0 0  
 0 0 0 0 0 0 1 0 0 1 0 0           0 0 0 0 0 0 3 0 0 3 0 0  
 0 1 1 0 0 0 0 0 0 0 0 0           0 2 2 0 0 0 0 0 0 0 0 0  
 0 0 0 0 0 1 1 0 1 0 0 0           0 0 0 0 0 2 2 0 2 0 0 0  
 0 1 0 1 0 0 0 0 1 0 1 0           0 1 0 1 0 0 0 0 2 0 1 0  
 0 0 0 0 0 0 0 0 0 0 0 0           0 0 0 0 0 0 0 0 0 0 0 0  
 0 1 0 0 0 0 0 0 0 0 0 0           0 1 0 0 0 0 0 0 0 0 0 0  
 0 0 0 0 0 0 0 0 0 0 0 0           0 0 0 0 0 0 0 0 0 0 0 0  
execution time was 456 ms.
puzzle nb 41
File LDDMinECL.ecl, line 29: Singleton variable X
Solution found after 115 bachtracks
final result
 0 0 0 0 0 0 0 0 0 0 0 0           0 0 0 0 0 0 0 0 0 0 0 0  
 0 0 0 0 0 0 1 1 1 0 1 0           0 0 0 0 0 0 3 3 3 0 3 0  
 0 1 0 1 0 0 0 0 0 0 1 0           0 2 0 4 0 0 0 0 0 0 3 0  
 0 1 0 1 0 1 0 1 1 0 1 0           0 2 0 4 0 2 0 2 2 0 3 0  
 0 0 0 1 0 1 0 0 0 0 0 0           0 0 0 4 0 2 0 0 0 0 0 0  
 0 1 0 1 0 0 0 1 0 1 0 0           0 1 0 4 0 0 0 1 0 1 0 0  
 0 0 0 0 0 0 0 0 0 0 0 0           0 0 0 0 0 0 0 0 0 0 0 0  
 0 0 0 0 1 0 0 0 0 0 0 0           0 0 0 0 1 0 0 0 0 0 0 0  
 0 0 0 0 0 0 0 0 0 0 0 0           0 0 0 0 0 0 0 0 0 0 0 0  
 0 0 0 0 0 0 0 0 0 0 0 0           0 0 0 0 0 0 0 0 0 0 0 0  
 0 0 0 0 0 0 0 0 0 0 0 0           0 0 0 0 0 0 0 0 0 0 0 0  
 0 0 0 0 0 0 0 0 0 0 0 0           0 0 0 0 0 0 0 0 0 0 0 0  
execution time was 567 ms.
puzzle nb 42
File LDDMinECL.ecl, line 29: Singleton variable X
Solution found after 44 bachtracks
final result
 0 0 0 0 0 0 0 0 0 0 0 0           0 0 0 0 0 0 0 0 0 0 0 0  
 0 0 0 0 0 1 1 1 0 1 1 0           0 0 0 0 0 3 3 3 0 2 2 0  
 0 1 0 0 0 0 0 0 0 0 0 0           0 1 0 0 0 0 0 0 0 0 0 0  
 0 0 0 0 0 0 1 1 1 1 0 0           0 0 0 0 0 0 4 4 4 4 0 0  
 0 0 0 0 1 0 0 0 0 0 0 0           0 0 0 0 2 0 0 0 0 0 0 0  
 0 0 1 0 1 0 1 0 1 0 0 0           0 0 2 0 2 0 1 0 1 0 0 0  
 0 0 1 0 0 0 0 0 0 0 0 0           0 0 2 0 0 0 0 0 0 0 0 0  
 0 0 0 0 0 0 0 0 0 0 0 0           0 0 0 0 0 0 0 0 0 0 0 0  
 0 0 0 0 0 0 0 0 0 0 0 0           0 0 0 0 0 0 0 0 0 0 0 0  
 0 0 0 1 1 1 0 0 0 0 0 0           0 0 0 3 3 3 0 0 0 0 0 0  
 0 0 0 0 0 0 0 1 0 0 0 0           0 0 0 0 0 0 0 1 0 0 0 0  
 0 0 0 0 0 0 0 0 0 0 0 0           0 0 0 0 0 0 0 0 0 0 0 0  
execution time was 493 ms.
puzzle nb 61
File LDDMinECL.ecl, line 29: Singleton variable X
Solution found after 491 bachtracks
final result
 0 0 0 0 0 0 0 0 0 0 0 0           0 0 0 0 0 0 0 0 0 0 0 0  
 0 0 0 0 0 0 0 0 0 0 0 0           0 0 0 0 0 0 0 0 0 0 0 0  
 0 0 0 0 0 1 0 1 1 1 0 0           0 0 0 0 0 2 0 3 3 3 0 0  
 0 1 1 1 0 1 0 0 0 0 0 0           0 3 3 3 0 2 0 0 0 0 0 0  
 0 0 0 0 0 0 0 0 0 0 0 0           0 0 0 0 0 0 0 0 0 0 0 0  
 0 0 0 0 1 0 1 1 1 1 0 0           0 0 0 0 2 0 4 4 4 4 0 0  
 0 1 1 0 1 0 0 0 0 0 0 0           0 2 2 0 2 0 0 0 0 0 0 0  
 0 0 0 0 0 0 1 0 1 0 0 0           0 0 0 0 0 0 1 0 1 0 0 0  
 0 1 0 0 0 0 0 0 0 0 1 0           0 1 0 0 0 0 0 0 0 0 1 0  
 0 0 0 0 0 0 0 0 0 0 0 0           0 0 0 0 0 0 0 0 0 0 0 0  
 0 0 0 0 0 0 0 0 0 0 0 0           0 0 0 0 0 0 0 0 0 0 0 0  
 0 0 0 0 0 0 0 0 0 0 0 0           0 0 0 0 0 0 0 0 0 0 0 0  
execution time was 1234 ms.
puzzle nb 62
File LDDMinECL.ecl, line 29: Singleton variable X
Solution found after 17681 bachtracks
final result
 0 0 0 0 0 0 0 0 0 0 0 0           0 0 0 0 0 0 0 0 0 0 0 0  
 0 0 0 1 0 0 0 0 0 0 0 0           0 0 0 1 0 0 0 0 0 0 0 0  
 0 0 0 0 0 0 0 0 0 0 0 0           0 0 0 0 0 0 0 0 0 0 0 0  
 0 0 0 0 1 0 1 0 0 0 0 0           0 0 0 0 2 0 1 0 0 0 0 0  
 0 0 0 0 1 0 0 0 0 0 0 0           0 0 0 0 2 0 0 0 0 0 0 0  
 0 0 0 0 0 0 0 0 0 0 0 0           0 0 0 0 0 0 0 0 0 0 0 0  
 0 0 0 0 0 0 0 1 1 1 0 0           0 0 0 0 0 0 0 3 3 3 0 0  
 0 0 1 1 1 1 0 0 0 0 0 0           0 0 4 4 4 4 0 0 0 0 0 0  
 0 0 0 0 0 0 0 1 1 1 0 0           0 0 0 0 0 0 0 3 3 3 0 0  
 0 0 0 0 0 1 0 0 0 0 0 0           0 0 0 0 0 2 0 0 0 0 0 0  
 0 0 1 1 0 1 0 1 0 1 0 0           0 0 2 2 0 2 0 1 0 1 0 0  
 0 0 0 0 0 0 0 0 0 0 0 0           0 0 0 0 0 0 0 0 0 0 0 0  
execution time was 50727 ms.
puzzle nb 67
File LDDMinECL.ecl, line 29: Singleton variable X
Solution found after 53 bachtracks
final result
 0 0 0 0 0 0 0 0 0 0 0 0           0 0 0 0 0 0 0 0 0 0 0 0  
 0 0 0 0 0 0 0 0 0 0 0 0           0 0 0 0 0 0 0 0 0 0 0 0  
 0 1 0 1 0 0 0 0 0 1 0 0           0 3 0 4 0 0 0 0 0 3 0 0  
 0 1 0 1 0 1 0 1 0 1 0 0           0 3 0 4 0 2 0 2 0 3 0 0  
 0 1 0 1 0 1 0 1 0 1 0 0           0 3 0 4 0 2 0 2 0 3 0 0  
 0 0 0 1 0 0 0 0 0 0 0 0           0 0 0 4 0 0 0 0 0 0 0 0  
 0 0 0 0 0 1 0 1 0 1 0 0           0 0 0 0 0 1 0 1 0 1 0 0  
 0 1 1 0 0 0 0 0 0 0 0 0           0 2 2 0 0 0 0 0 0 0 0 0  
 0 0 0 0 0 0 0 0 0 0 0 0           0 0 0 0 0 0 0 0 0 0 0 0  
 0 0 0 0 0 0 1 0 0 0 0 0           0 0 0 0 0 0 1 0 0 0 0 0  
 0 0 0 0 0 0 0 0 0 0 0 0           0 0 0 0 0 0 0 0 0 0 0 0  
 0 0 0 0 0 0 0 0 0 0 0 0           0 0 0 0 0 0 0 0 0 0 0 0  
execution time was 476 ms.
puzzle nb 68
File LDDMinECL.ecl, line 29: Singleton variable X
Solution found after 2888 bachtracks
final result
 0 0 0 0 0 0 0 0 0 0 0 0           0 0 0 0 0 0 0 0 0 0 0 0  
 0 0 0 0 0 0 0 0 0 0 0 0           0 0 0 0 0 0 0 0 0 0 0 0  
 0 0 1 0 0 0 0 0 0 0 0 0           0 0 3 0 0 0 0 0 0 0 0 0  
 0 0 1 0 0 1 0 0 1 1 0 0           0 0 3 0 0 4 0 0 2 2 0 0  
 0 0 1 0 0 1 0 0 0 0 0 0           0 0 3 0 0 4 0 0 0 0 0 0  
 0 0 0 0 0 1 0 1 1 0 1 0           0 0 0 0 0 4 0 2 2 0 1 0  
 0 1 0 1 0 1 0 0 0 0 0 0           0 1 0 1 0 4 0 0 0 0 0 0  
 0 0 0 0 0 0 0 1 1 0 1 0           0 0 0 0 0 0 0 2 2 0 1 0  
 0 0 1 0 0 0 0 0 0 0 0 0           0 0 3 0 0 0 0 0 0 0 0 0  
 0 0 1 0 0 0 0 0 0 0 0 0           0 0 3 0 0 0 0 0 0 0 0 0  
 0 0 1 0 0 0 0 0 0 0 0 0           0 0 3 0 0 0 0 0 0 0 0 0  
 0 0 0 0 0 0 0 0 0 0 0 0           0 0 0 0 0 0 0 0 0 0 0 0  
execution time was 6714 ms.
puzzle nb 70
File LDDMinECL.ecl, line 29: Singleton variable X
Solution found after 123 bachtracks
final result
 0 0 0 0 0 0 0 0 0 0 0 0           0 0 0 0 0 0 0 0 0 0 0 0  
 0 0 0 0 0 0 0 1 1 1 0 0           0 0 0 0 0 0 0 3 3 3 0 0  
 0 0 0 0 1 0 0 0 0 0 0 0           0 0 0 0 1 0 0 0 0 0 0 0  
 0 1 1 0 0 0 1 1 1 1 0 0           0 2 2 0 0 0 4 4 4 4 0 0  
 0 0 0 0 1 0 0 0 0 0 0 0           0 0 0 0 1 0 0 0 0 0 0 0  
 0 0 0 0 0 0 1 1 0 1 1 0           0 0 0 0 0 0 2 2 0 2 2 0  
 0 1 1 1 0 0 0 0 0 0 0 0           0 3 3 3 0 0 0 0 0 0 0 0  
 0 0 0 0 0 1 0 1 0 0 0 0           0 0 0 0 0 1 0 1 0 0 0 0  
 0 0 0 0 0 0 0 0 0 0 0 0           0 0 0 0 0 0 0 0 0 0 0 0  
 0 0 0 0 0 0 0 0 0 0 0 0           0 0 0 0 0 0 0 0 0 0 0 0  
 0 0 0 0 0 0 0 0 0 0 0 0           0 0 0 0 0 0 0 0 0 0 0 0  
 0 0 0 0 0 0 0 0 0 0 0 0           0 0 0 0 0 0 0 0 0 0 0 0  
execution time was 694 ms.
puzzle nb 102
File LDDMinECL.ecl, line 29: Singleton variable X
Solution found after 395 bachtracks
final result
 0 0 0 0 0 0 0 0 0 0 0 0           0 0 0 0 0 0 0 0 0 0 0 0  
 0 0 0 0 0 0 1 0 0 0 0 0           0 0 0 0 0 0 1 0 0 0 0 0  
 0 0 0 0 0 0 0 0 0 0 0 0           0 0 0 0 0 0 0 0 0 0 0 0  
 0 0 0 0 0 0 0 0 0 0 0 0           0 0 0 0 0 0 0 0 0 0 0 0  
 0 1 0 0 0 0 0 0 0 0 0 0           0 2 0 0 0 0 0 0 0 0 0 0  
 0 1 0 0 0 0 0 0 1 1 1 0           0 2 0 0 0 0 0 0 3 3 3 0  
 0 0 0 0 0 0 0 0 0 0 0 0           0 0 0 0 0 0 0 0 0 0 0 0  
 0 0 0 1 0 0 0 0 0 0 0 0           0 0 0 2 0 0 0 0 0 0 0 0  
 0 1 0 1 0 0 1 1 1 1 0 0           0 3 0 2 0 0 4 4 4 4 0 0  
 0 1 0 0 0 0 0 0 0 0 0 0           0 3 0 0 0 0 0 0 0 0 0 0  
 0 1 0 1 1 0 1 0 1 0 1 0           0 3 0 2 2 0 1 0 1 0 1 0  
 0 0 0 0 0 0 0 0 0 0 0 0           0 0 0 0 0 0 0 0 0 0 0 0  
execution time was 841 ms.
puzzle nb 112
File LDDMinECL.ecl, line 29: Singleton variable X
Solution found after 966 bachtracks
final result
 0 0 0 0 0 0 0 0 0 0 0 0           0 0 0 0 0 0 0 0 0 0 0 0  
 0 0 1 1 1 0 1 0 0 0 0 0           0 0 3 3 3 0 1 0 0 0 0 0  
 0 0 0 0 0 0 0 0 0 0 0 0           0 0 0 0 0 0 0 0 0 0 0 0  
 0 0 0 0 0 0 0 0 0 0 0 0           0 0 0 0 0 0 0 0 0 0 0 0  
 0 0 0 1 0 0 0 0 0 0 0 0           0 0 0 2 0 0 0 0 0 0 0 0  
 0 0 0 1 0 0 0 0 0 0 0 0           0 0 0 2 0 0 0 0 0 0 0 0  
 0 0 0 0 0 0 0 0 0 0 0 0           0 0 0 0 0 0 0 0 0 0 0 0  
 0 1 0 0 1 0 1 0 0 0 0 0           0 4 0 0 2 0 2 0 0 0 0 0  
 0 1 0 0 1 0 1 0 1 0 0 0           0 4 0 0 2 0 2 0 1 0 0 0  
 0 1 0 0 0 0 0 0 0 0 1 0           0 4 0 0 0 0 0 0 0 0 1 0  
 0 1 0 1 0 1 1 1 0 0 0 0           0 4 0 1 0 3 3 3 0 0 0 0  
 0 0 0 0 0 0 0 0 0 0 0 0           0 0 0 0 0 0 0 0 0 0 0 0  
execution time was 2161 ms.
puzzle nb 118
File LDDMinECL.ecl, line 29: Singleton variable X
Solution found after 11077 bachtracks
final result
 0 0 0 0 0 0 0 0 0 0 0 0           0 0 0 0 0 0 0 0 0 0 0 0  
 0 1 0 1 0 0 0 0 0 0 0 0           0 1 0 1 0 0 0 0 0 0 0 0  
 0 0 0 0 0 0 0 0 0 0 0 0           0 0 0 0 0 0 0 0 0 0 0 0  
 0 0 0 0 0 0 0 0 0 0 0 0           0 0 0 0 0 0 0 0 0 0 0 0  
 0 0 0 0 0 0 0 0 0 0 0 0           0 0 0 0 0 0 0 0 0 0 0 0  
 0 0 1 0 1 1 1 0 0 0 0 0           0 0 2 0 3 3 3 0 0 0 0 0  
 0 0 1 0 0 0 0 0 1 1 1 0           0 0 2 0 0 0 0 0 3 3 3 0  
 0 0 0 0 1 1 0 0 0 0 0 0           0 0 0 0 2 2 0 0 0 0 0 0  
 0 0 0 0 0 0 0 1 0 1 0 0           0 0 0 0 0 0 0 1 0 2 0 0  
 0 1 1 1 1 0 0 0 0 1 0 0           0 4 4 4 4 0 0 0 0 2 0 0  
 0 0 0 0 0 0 1 0 0 0 0 0           0 0 0 0 0 0 1 0 0 0 0 0  
 0 0 0 0 0 0 0 0 0 0 0 0           0 0 0 0 0 0 0 0 0 0 0 0  
execution time was 42057 ms.
puzzle nb 133
File LDDMinECL.ecl, line 29: Singleton variable X
Solution found after 2389 bachtracks
final result
 0 0 0 0 0 0 0 0 0 0 0 0           0 0 0 0 0 0 0 0 0 0 0 0  
 0 0 0 0 0 0 0 0 0 0 0 0           0 0 0 0 0 0 0 0 0 0 0 0  
 0 0 0 0 0 0 0 1 0 0 0 0           0 0 0 0 0 0 0 1 0 0 0 0  
 0 0 0 0 0 0 0 0 0 0 0 0           0 0 0 0 0 0 0 0 0 0 0 0  
 0 0 0 0 0 1 0 0 0 0 0 0           0 0 0 0 0 1 0 0 0 0 0 0  
 0 1 0 0 0 0 0 0 0 0 0 0           0 1 0 0 0 0 0 0 0 0 0 0  
 0 0 0 0 0 0 0 1 1 1 0 0           0 0 0 0 0 0 0 3 3 3 0 0  
 0 0 1 1 1 1 0 0 0 0 0 0           0 0 4 4 4 4 0 0 0 0 0 0  
 0 0 0 0 0 0 0 1 1 1 0 0           0 0 0 0 0 0 0 3 3 3 0 0  
 0 1 1 0 1 0 0 0 0 0 0 0           0 2 2 0 2 0 0 0 0 0 0 0  
 0 0 0 0 1 0 1 1 0 1 0 0           0 0 0 0 2 0 2 2 0 1 0 0  
 0 0 0 0 0 0 0 0 0 0 0 0           0 0 0 0 0 0 0 0 0 0 0 0  
execution time was 6613 ms.
puzzle nb 161
File LDDMinECL.ecl, line 29: Singleton variable X
Solution found after 0 bachtracks
final result
 0 0 0 0 0 0 0 0 0 0 0 0           0 0 0 0 0 0 0 0 0 0 0 0  
 0 0 0 0 0 0 0 0 0 0 0 0           0 0 0 0 0 0 0 0 0 0 0 0  
 0 0 0 0 0 0 0 0 0 0 0 0           0 0 0 0 0 0 0 0 0 0 0 0  
 0 0 0 0 0 0 1 0 1 1 1 0           0 0 0 0 0 0 2 0 3 3 3 0  
 0 0 1 1 1 0 1 0 0 0 0 0           0 0 3 3 3 0 2 0 0 0 0 0  
 0 0 0 0 0 0 0 0 0 1 1 0           0 0 0 0 0 0 0 0 0 2 2 0  
 0 1 0 0 1 1 1 1 0 0 0 0           0 1 0 0 4 4 4 4 0 0 0 0  
 0 0 0 0 0 0 0 0 0 1 0 0           0 0 0 0 0 0 0 0 0 1 0 0  
 0 1 0 0 0 0 0 1 0 0 0 0           0 1 0 0 0 0 0 2 0 0 0 0  
 0 0 0 0 0 0 0 1 0 0 1 0           0 0 0 0 0 0 0 2 0 0 1 0  
 0 0 0 0 0 0 0 0 0 0 0 0           0 0 0 0 0 0 0 0 0 0 0 0  
 0 0 0 0 0 0 0 0 0 0 0 0           0 0 0 0 0 0 0 0 0 0 0 0  
execution time was 345 ms.
puzzle nb 173
File LDDMinECL.ecl, line 29: Singleton variable X
Solution found after 2462 bachtracks
final result
 0 0 0 0 0 0 0 0 0 0 0 0           0 0 0 0 0 0 0 0 0 0 0 0  
 0 0 0 0 0 0 0 0 0 0 0 0           0 0 0 0 0 0 0 0 0 0 0 0  
 0 0 0 0 0 0 0 0 0 0 0 0           0 0 0 0 0 0 0 0 0 0 0 0  
 0 0 0 0 0 0 0 0 1 0 0 0           0 0 0 0 0 0 0 0 3 0 0 0  
 0 0 0 1 0 1 0 0 1 0 1 0           0 0 0 1 0 1 0 0 3 0 2 0  
 0 1 0 0 0 0 0 0 1 0 1 0           0 3 0 0 0 0 0 0 3 0 2 0  
 0 1 0 1 1 1 1 0 0 0 0 0           0 3 0 4 4 4 4 0 0 0 0 0  
 0 1 0 0 0 0 0 0 1 1 0 0           0 3 0 0 0 0 0 0 2 2 0 0  
 0 0 0 1 1 0 1 0 0 0 0 0           0 0 0 2 2 0 1 0 0 0 0 0  
 0 1 0 0 0 0 0 0 0 0 0 0           0 1 0 0 0 0 0 0 0 0 0 0  
 0 0 0 0 0 0 0 0 0 0 0 0           0 0 0 0 0 0 0 0 0 0 0 0  
 0 0 0 0 0 0 0 0 0 0 0 0           0 0 0 0 0 0 0 0 0 0 0 0  
execution time was 5285 ms.
puzzle nb 177
File LDDMinECL.ecl, line 29: Singleton variable X
Solution found after 3998 bachtracks
final result
 0 0 0 0 0 0 0 0 0 0 0 0           0 0 0 0 0 0 0 0 0 0 0 0  
 0 0 0 0 0 1 1 0 0 0 0 0           0 0 0 0 0 2 2 0 0 0 0 0  
 0 0 0 0 0 0 0 0 0 0 0 0           0 0 0 0 0 0 0 0 0 0 0 0  
 0 1 1 0 0 0 0 0 1 1 1 0           0 2 2 0 0 0 0 0 3 3 3 0  
 0 0 0 0 0 1 0 0 0 0 0 0           0 0 0 0 0 2 0 0 0 0 0 0  
 0 0 0 0 0 1 0 1 0 1 0 0           0 0 0 0 0 2 0 1 0 1 0 0  
 0 1 1 1 0 0 0 0 0 0 0 0           0 3 3 3 0 0 0 0 0 0 0 0  
 0 0 0 0 0 0 0 0 1 0 1 0           0 0 0 0 0 0 0 0 1 0 1 0  
 0 0 0 1 1 1 1 0 0 0 0 0           0 0 0 4 4 4 4 0 0 0 0 0  
 0 0 0 0 0 0 0 0 0 0 0 0           0 0 0 0 0 0 0 0 0 0 0 0  
 0 0 0 0 0 0 0 0 0 0 0 0           0 0 0 0 0 0 0 0 0 0 0 0  
 0 0 0 0 0 0 0 0 0 0 0 0           0 0 0 0 0 0 0 0 0 0 0 0  
execution time was 6629 ms.
puzzle nb 182
File LDDMinECL.ecl, line 29: Singleton variable X
Solution found after 15959 bachtracks
final result
 0 0 0 0 0 0 0 0 0 0 0 0           0 0 0 0 0 0 0 0 0 0 0 0  
 0 0 0 0 0 0 0 0 0 0 0 0           0 0 0 0 0 0 0 0 0 0 0 0  
 0 0 0 0 0 0 1 0 1 1 0 0           0 0 0 0 0 0 2 0 2 2 0 0  
 0 0 1 1 0 0 1 0 0 0 0 0           0 0 2 2 0 0 2 0 0 0 0 0  
 0 0 0 0 0 0 0 0 0 1 0 0           0 0 0 0 0 0 0 0 0 1 0 0  
 0 0 0 0 0 0 0 1 0 0 0 0           0 0 0 0 0 0 0 3 0 0 0 0  
 0 0 0 0 0 0 0 1 0 1 0 0           0 0 0 0 0 0 0 3 0 1 0 0  
 0 0 0 0 0 0 0 1 0 0 0 0           0 0 0 0 0 0 0 3 0 0 0 0  
 0 0 0 0 0 0 0 0 0 1 0 0           0 0 0 0 0 0 0 0 0 1 0 0  
 0 0 0 1 1 1 1 0 0 0 0 0           0 0 0 4 4 4 4 0 0 0 0 0  
 0 1 0 0 0 0 0 0 1 1 1 0           0 1 0 0 0 0 0 0 3 3 3 0  
 0 0 0 0 0 0 0 0 0 0 0 0           0 0 0 0 0 0 0 0 0 0 0 0  
execution time was 34498 ms.
puzzle nb 187
File LDDMinECL.ecl, line 29: Singleton variable X
Solution found after 98 bachtracks
final result
 0 0 0 0 0 0 0 0 0 0 0 0           0 0 0 0 0 0 0 0 0 0 0 0  
 0 0 0 0 0 0 0 0 0 0 0 0           0 0 0 0 0 0 0 0 0 0 0 0  
 0 0 1 0 0 0 0 0 0 1 0 0           0 0 2 0 0 0 0 0 0 3 0 0  
 0 0 1 0 1 1 1 1 0 1 0 0           0 0 2 0 4 4 4 4 0 3 0 0  
 0 0 0 0 0 0 0 0 0 1 0 0           0 0 0 0 0 0 0 0 0 3 0 0  
 0 1 1 0 1 0 1 0 0 0 0 0           0 2 2 0 1 0 1 0 0 0 0 0  
 0 0 0 0 0 0 0 0 1 1 1 0           0 0 0 0 0 0 0 0 3 3 3 0  
 0 0 0 0 0 0 0 0 0 0 0 0           0 0 0 0 0 0 0 0 0 0 0 0  
 0 1 0 0 0 0 0 0 0 0 0 0           0 2 0 0 0 0 0 0 0 0 0 0  
 0 1 0 1 0 0 0 0 1 0 0 0           0 2 0 1 0 0 0 0 1 0 0 0  
 0 0 0 0 0 0 0 0 0 0 0 0           0 0 0 0 0 0 0 0 0 0 0 0  
 0 0 0 0 0 0 0 0 0 0 0 0           0 0 0 0 0 0 0 0 0 0 0 0  
execution time was 779 ms.
puzzle nb 189
File LDDMinECL.ecl, line 29: Singleton variable X
Solution found after 8034 bachtracks
final result
 0 0 0 0 0 0 0 0 0 0 0 0           0 0 0 0 0 0 0 0 0 0 0 0  
 0 0 0 0 1 0 0 0 0 0 0 0           0 0 0 0 2 0 0 0 0 0 0 0  
 0 0 0 0 1 0 1 0 0 0 0 0           0 0 0 0 2 0 1 0 0 0 0 0  
 0 0 0 0 0 0 0 0 0 0 0 0           0 0 0 0 0 0 0 0 0 0 0 0  
 0 0 0 0 0 0 1 1 1 0 1 0           0 0 0 0 0 0 3 3 3 0 2 0  
 0 1 1 1 1 0 0 0 0 0 1 0           0 4 4 4 4 0 0 0 0 0 2 0  
 0 0 0 0 0 0 1 0 0 0 0 0           0 0 0 0 0 0 1 0 0 0 0 0  
 0 1 1 1 0 0 0 0 0 1 0 0           0 3 3 3 0 0 0 0 0 2 0 0  
 0 0 0 0 0 1 0 1 0 1 0 0           0 0 0 0 0 1 0 1 0 2 0 0  
 0 0 0 0 0 0 0 0 0 0 0 0           0 0 0 0 0 0 0 0 0 0 0 0  
 0 0 0 0 0 0 0 0 0 0 0 0           0 0 0 0 0 0 0 0 0 0 0 0  
 0 0 0 0 0 0 0 0 0 0 0 0           0 0 0 0 0 0 0 0 0 0 0 0  
execution time was 24892 ms.
puzzle nb 204
File LDDMinECL.ecl, line 29: Singleton variable X
Solution found after 2235 bachtracks
final result
 0 0 0 0 0 0 0 0 0 0 0 0           0 0 0 0 0 0 0 0 0 0 0 0  
 0 1 1 0 0 0 0 0 0 0 0 0           0 2 2 0 0 0 0 0 0 0 0 0  
 0 0 0 0 0 1 0 1 0 0 0 0           0 0 0 0 0 3 0 3 0 0 0 0  
 0 1 1 0 0 1 0 1 0 1 0 0           0 2 2 0 0 3 0 3 0 1 0 0  
 0 0 0 0 0 1 0 1 0 0 0 0           0 0 0 0 0 3 0 3 0 0 0 0  
 0 0 1 0 0 0 0 0 0 0 0 0           0 0 1 0 0 0 0 0 0 0 0 0  
 0 0 0 0 0 1 0 0 0 0 0 0           0 0 0 0 0 1 0 0 0 0 0 0  
 0 0 0 0 0 0 0 0 0 0 0 0           0 0 0 0 0 0 0 0 0 0 0 0  
 0 0 0 0 0 0 0 1 1 0 1 0           0 0 0 0 0 0 0 2 2 0 1 0  
 0 1 1 1 1 0 0 0 0 0 0 0           0 4 4 4 4 0 0 0 0 0 0 0  
 0 0 0 0 0 0 0 0 0 0 0 0           0 0 0 0 0 0 0 0 0 0 0 0  
 0 0 0 0 0 0 0 0 0 0 0 0           0 0 0 0 0 0 0 0 0 0 0 0  
execution time was 6112 ms.
puzzle nb 222
File LDDMinECL.ecl, line 29: Singleton variable X
Solution found after 819 bachtracks
final result
 0 0 0 0 0 0 0 0 0 0 0 0           0 0 0 0 0 0 0 0 0 0 0 0  
 0 0 0 0 0 1 0 0 0 0 0 0           0 0 0 0 0 3 0 0 0 0 0 0  
 0 1 0 0 0 1 0 1 1 1 1 0           0 2 0 0 0 3 0 4 4 4 4 0  
 0 1 0 0 0 1 0 0 0 0 0 0           0 2 0 0 0 3 0 0 0 0 0 0  
 0 0 0 0 0 0 0 1 1 0 1 0           0 0 0 0 0 0 0 2 2 0 2 0  
 0 1 1 1 0 1 0 0 0 0 1 0           0 3 3 3 0 1 0 0 0 0 2 0  
 0 0 0 0 0 0 0 1 0 0 0 0           0 0 0 0 0 0 0 1 0 0 0 0  
 0 0 0 0 0 0 0 0 0 0 0 0           0 0 0 0 0 0 0 0 0 0 0 0  
 0 0 0 0 0 0 0 0 0 0 0 0           0 0 0 0 0 0 0 0 0 0 0 0  
 0 0 0 0 0 0 0 0 0 0 0 0           0 0 0 0 0 0 0 0 0 0 0 0  
 0 0 0 0 1 0 1 0 0 0 0 0           0 0 0 0 1 0 1 0 0 0 0 0  
 0 0 0 0 0 0 0 0 0 0 0 0           0 0 0 0 0 0 0 0 0 0 0 0  
execution time was 2347 ms.
puzzle nb 233
File LDDMinECL.ecl, line 29: Singleton variable X
Solution found after 110 bachtracks
final result
 0 0 0 0 0 0 0 0 0 0 0 0           0 0 0 0 0 0 0 0 0 0 0 0  
 0 0 0 0 0 0 0 0 0 0 1 0           0 0 0 0 0 0 0 0 0 0 1 0  
 0 0 0 0 0 0 0 0 0 0 0 0           0 0 0 0 0 0 0 0 0 0 0 0  
 0 0 1 0 0 1 0 0 0 0 0 0           0 0 3 0 0 1 0 0 0 0 0 0  
 0 0 1 0 0 0 0 0 0 0 1 0           0 0 3 0 0 0 0 0 0 0 4 0  
 0 0 1 0 1 1 0 0 0 0 1 0           0 0 3 0 2 2 0 0 0 0 4 0  
 0 0 0 0 0 0 0 0 0 0 1 0           0 0 0 0 0 0 0 0 0 0 4 0  
 0 1 1 1 0 1 0 0 0 0 1 0           0 3 3 3 0 2 0 0 0 0 4 0  
 0 0 0 0 0 1 0 0 0 0 0 0           0 0 0 0 0 2 0 0 0 0 0 0  
 0 0 0 0 0 0 0 0 0 0 0 0           0 0 0 0 0 0 0 0 0 0 0 0  
 0 0 0 0 0 1 0 1 1 0 1 0           0 0 0 0 0 1 0 2 2 0 1 0  
 0 0 0 0 0 0 0 0 0 0 0 0           0 0 0 0 0 0 0 0 0 0 0 0  
execution time was 460 ms.
puzzle nb 271
File LDDMinECL.ecl, line 29: Singleton variable X
Solution found after 12481 bachtracks
final result
 0 0 0 0 0 0 0 0 0 0 0 0           0 0 0 0 0 0 0 0 0 0 0 0  
 0 0 0 1 0 0 0 0 0 0 0 0           0 0 0 1 0 0 0 0 0 0 0 0  
 0 1 0 0 0 0 0 0 0 0 0 0           0 1 0 0 0 0 0 0 0 0 0 0  
 0 0 0 0 1 0 0 0 0 0 0 0           0 0 0 0 2 0 0 0 0 0 0 0  
 0 0 1 0 1 0 0 0 0 0 0 0           0 0 4 0 2 0 0 0 0 0 0 0  
 0 0 1 0 0 0 0 0 1 1 1 0           0 0 4 0 0 0 0 0 3 3 3 0  
 0 0 1 0 1 1 0 0 0 0 0 0           0 0 4 0 2 2 0 0 0 0 0 0  
 0 0 1 0 0 0 0 0 0 0 0 0           0 0 4 0 0 0 0 0 0 0 0 0  
 0 0 0 0 0 0 0 0 0 0 0 0           0 0 0 0 0 0 0 0 0 0 0 0  
 0 1 1 1 0 0 0 0 1 0 1 0           0 3 3 3 0 0 0 0 1 0 1 0  
 0 0 0 0 0 1 1 0 0 0 0 0           0 0 0 0 0 2 2 0 0 0 0 0  
 0 0 0 0 0 0 0 0 0 0 0 0           0 0 0 0 0 0 0 0 0 0 0 0  
execution time was 25458 ms.
puzzle nb 280
File LDDMinECL.ecl, line 29: Singleton variable X
Solution found after 149 bachtracks
final result
 0 0 0 0 0 0 0 0 0 0 0 0           0 0 0 0 0 0 0 0 0 0 0 0  
 0 0 0 1 1 1 0 1 1 1 0 0           0 0 0 3 3 3 0 3 3 3 0 0  
 0 1 0 0 0 0 0 0 0 0 0 0           0 1 0 0 0 0 0 0 0 0 0 0  
 0 0 0 1 0 0 0 0 0 0 0 0           0 0 0 4 0 0 0 0 0 0 0 0  
 0 0 0 1 0 0 0 0 0 0 0 0           0 0 0 4 0 0 0 0 0 0 0 0  
 0 1 0 1 0 1 1 0 0 0 0 0           0 2 0 4 0 2 2 0 0 0 0 0  
 0 1 0 1 0 0 0 0 1 1 0 0           0 2 0 4 0 0 0 0 2 2 0 0  
 0 0 0 0 0 1 0 0 0 0 0 0           0 0 0 0 0 1 0 0 0 0 0 0  
 0 0 0 0 0 0 0 0 0 0 0 0           0 0 0 0 0 0 0 0 0 0 0 0  
 0 0 0 0 1 0 0 0 0 0 0 0           0 0 0 0 1 0 0 0 0 0 0 0  
 0 0 0 0 0 0 1 0 0 0 0 0           0 0 0 0 0 0 1 0 0 0 0 0  
 0 0 0 0 0 0 0 0 0 0 0 0           0 0 0 0 0 0 0 0 0 0 0 0  
execution time was 611 ms.
puzzle nb 281
File LDDMinECL.ecl, line 29: Singleton variable X
Solution found after 1533 bachtracks
final result
 0 0 0 0 0 0 0 0 0 0 0 0           0 0 0 0 0 0 0 0 0 0 0 0  
 0 0 0 0 0 1 0 0 0 0 0 0           0 0 0 0 0 1 0 0 0 0 0 0  
 0 0 0 0 0 0 0 0 0 0 0 0           0 0 0 0 0 0 0 0 0 0 0 0  
 0 0 1 0 1 0 1 0 1 1 0 0           0 0 1 0 1 0 4 0 2 2 0 0  
 0 0 0 0 0 0 1 0 0 0 0 0           0 0 0 0 0 0 4 0 0 0 0 0  
 0 1 0 0 1 0 1 0 0 0 0 0           0 2 0 0 1 0 4 0 0 0 0 0  
 0 1 0 0 0 0 1 0 0 0 0 0           0 2 0 0 0 0 4 0 0 0 0 0  
 0 0 0 0 0 0 0 0 0 0 0 0           0 0 0 0 0 0 0 0 0 0 0 0  
 0 0 0 0 0 0 0 0 0 0 0 0           0 0 0 0 0 0 0 0 0 0 0 0  
 0 1 1 1 0 1 0 0 0 0 0 0           0 3 3 3 0 2 0 0 0 0 0 0  
 0 0 0 0 0 1 0 1 1 1 0 0           0 0 0 0 0 2 0 3 3 3 0 0  
 0 0 0 0 0 0 0 0 0 0 0 0           0 0 0 0 0 0 0 0 0 0 0 0  
execution time was 2684 ms.
puzzle nb 284
File LDDMinECL.ecl, line 29: Singleton variable X
Solution found after 314 bachtracks
final result
 0 0 0 0 0 0 0 0 0 0 0 0           0 0 0 0 0 0 0 0 0 0 0 0  
 0 0 0 0 0 0 0 0 0 0 0 0           0 0 0 0 0 0 0 0 0 0 0 0  
 0 0 0 0 0 0 0 0 0 1 0 0           0 0 0 0 0 0 0 0 0 1 0 0  
 0 0 0 0 0 0 0 0 0 0 0 0           0 0 0 0 0 0 0 0 0 0 0 0  
 0 0 0 0 0 0 0 0 0 0 0 0           0 0 0 0 0 0 0 0 0 0 0 0  
 0 1 0 0 0 0 0 0 1 1 1 0           0 3 0 0 0 0 0 0 3 3 3 0  
 0 1 0 1 1 0 1 0 0 0 0 0           0 3 0 2 2 0 1 0 0 0 0 0  
 0 1 0 0 0 0 0 0 0 1 1 0           0 3 0 0 0 0 0 0 0 2 2 0  
 0 0 0 0 1 1 1 1 0 0 0 0           0 0 0 0 4 4 4 4 0 0 0 0  
 0 1 0 0 0 0 0 0 0 1 0 0           0 2 0 0 0 0 0 0 0 1 0 0  
 0 1 0 0 0 0 1 0 0 0 0 0           0 2 0 0 0 0 1 0 0 0 0 0  
 0 0 0 0 0 0 0 0 0 0 0 0           0 0 0 0 0 0 0 0 0 0 0 0  
execution time was 1456 ms.
