puzzle nb 15
File LDDMaxECL.ecl, line 29: Singleton variable X
Solution found after 7124 bachtracks
final result
 0 0 0 0 0 0 0 0 0 0 0 0           0 0 0 0 0 0 0 0 0 0 0 0  
 0 0 0 0 0 0 0 0 0 0 0 0           0 0 0 0 0 0 0 0 0 0 0 0  
 0 0 0 0 1 0 0 0 0 0 0 0           0 0 0 0 1 0 0 0 0 0 0 0  
 0 0 0 0 0 0 1 0 0 0 0 0           0 0 0 0 0 0 1 0 0 0 0 0  
 0 0 0 0 0 0 0 0 0 0 0 0           0 0 0 0 0 0 0 0 0 0 0 0  
 0 1 0 1 0 0 0 1 0 1 0 0           0 2 0 2 0 0 0 3 0 2 0 0  
 0 1 0 1 0 1 0 1 0 1 0 0           0 2 0 2 0 1 0 3 0 2 0 0  
 0 0 0 0 0 0 0 1 0 0 0 0           0 0 0 0 0 0 0 3 0 0 0 0  
 0 0 0 0 0 0 0 0 0 0 1 0           0 0 0 0 0 0 0 0 0 0 3 0  
 0 0 0 1 0 0 0 0 0 0 1 0           0 0 0 1 0 0 0 0 0 0 3 0  
 0 0 0 0 0 1 1 1 1 0 1 0           0 0 0 0 0 4 4 4 4 0 3 0  
 0 0 0 0 0 0 0 0 0 0 0 0           0 0 0 0 0 0 0 0 0 0 0 0  
execution time was 32652 ms.
puzzle nb 17
File LDDMaxECL.ecl, line 29: Singleton variable X
Solution found after 136 bachtracks
final result
 0 0 0 0 0 0 0 0 0 0 0 0           0 0 0 0 0 0 0 0 0 0 0 0  
 0 0 0 0 0 0 0 0 0 0 0 0           0 0 0 0 0 0 0 0 0 0 0 0  
 0 0 0 0 0 0 0 0 0 0 0 0           0 0 0 0 0 0 0 0 0 0 0 0  
 0 0 0 0 0 0 1 0 0 1 0 0           0 0 0 0 0 0 3 0 0 3 0 0  
 0 1 1 1 1 0 1 0 0 1 0 0           0 4 4 4 4 0 3 0 0 3 0 0  
 0 0 0 0 0 0 1 0 0 1 0 0           0 0 0 0 0 0 3 0 0 3 0 0  
 0 1 1 0 0 0 0 0 0 0 0 0           0 2 2 0 0 0 0 0 0 0 0 0  
 0 0 0 0 0 1 1 0 1 0 0 0           0 0 0 0 0 2 2 0 2 0 0 0  
 0 1 0 1 0 0 0 0 1 0 1 0           0 1 0 1 0 0 0 0 2 0 1 0  
 0 0 0 0 0 0 0 0 0 0 0 0           0 0 0 0 0 0 0 0 0 0 0 0  
 0 1 0 0 0 0 0 0 0 0 0 0           0 1 0 0 0 0 0 0 0 0 0 0  
 0 0 0 0 0 0 0 0 0 0 0 0           0 0 0 0 0 0 0 0 0 0 0 0  
execution time was 1209 ms.
puzzle nb 41
File LDDMaxECL.ecl, line 29: Singleton variable X
Solution found after 1776 bachtracks
final result
 0 0 0 0 0 0 0 0 0 0 0 0           0 0 0 0 0 0 0 0 0 0 0 0  
 0 0 0 0 0 0 1 1 1 0 1 0           0 0 0 0 0 0 3 3 3 0 3 0  
 0 1 0 1 0 0 0 0 0 0 1 0           0 2 0 4 0 0 0 0 0 0 3 0  
 0 1 0 1 0 1 0 1 1 0 1 0           0 2 0 4 0 2 0 2 2 0 3 0  
 0 0 0 1 0 1 0 0 0 0 0 0           0 0 0 4 0 2 0 0 0 0 0 0  
 0 1 0 1 0 0 0 1 0 1 0 0           0 1 0 4 0 0 0 1 0 1 0 0  
 0 0 0 0 0 0 0 0 0 0 0 0           0 0 0 0 0 0 0 0 0 0 0 0  
 0 0 0 0 1 0 0 0 0 0 0 0           0 0 0 0 1 0 0 0 0 0 0 0  
 0 0 0 0 0 0 0 0 0 0 0 0           0 0 0 0 0 0 0 0 0 0 0 0  
 0 0 0 0 0 0 0 0 0 0 0 0           0 0 0 0 0 0 0 0 0 0 0 0  
 0 0 0 0 0 0 0 0 0 0 0 0           0 0 0 0 0 0 0 0 0 0 0 0  
 0 0 0 0 0 0 0 0 0 0 0 0           0 0 0 0 0 0 0 0 0 0 0 0  
execution time was 4848 ms.
puzzle nb 42
File LDDMaxECL.ecl, line 29: Singleton variable X
Solution found after 710 bachtracks
final result
 0 0 0 0 0 0 0 0 0 0 0 0           0 0 0 0 0 0 0 0 0 0 0 0  
 0 0 0 0 0 1 1 1 0 1 1 0           0 0 0 0 0 3 3 3 0 2 2 0  
 0 1 0 0 0 0 0 0 0 0 0 0           0 1 0 0 0 0 0 0 0 0 0 0  
 0 0 0 0 0 0 1 1 1 1 0 0           0 0 0 0 0 0 4 4 4 4 0 0  
 0 0 0 0 1 0 0 0 0 0 0 0           0 0 0 0 2 0 0 0 0 0 0 0  
 0 0 1 0 1 0 1 0 1 0 0 0           0 0 2 0 2 0 1 0 1 0 0 0  
 0 0 1 0 0 0 0 0 0 0 0 0           0 0 2 0 0 0 0 0 0 0 0 0  
 0 0 0 0 0 0 0 0 0 0 0 0           0 0 0 0 0 0 0 0 0 0 0 0  
 0 0 0 0 0 0 0 0 0 0 0 0           0 0 0 0 0 0 0 0 0 0 0 0  
 0 0 0 1 1 1 0 0 0 0 0 0           0 0 0 3 3 3 0 0 0 0 0 0  
 0 0 0 0 0 0 0 1 0 0 0 0           0 0 0 0 0 0 0 1 0 0 0 0  
 0 0 0 0 0 0 0 0 0 0 0 0           0 0 0 0 0 0 0 0 0 0 0 0  
execution time was 2233 ms.
puzzle nb 61
File LDDMaxECL.ecl, line 29: Singleton variable X
Solution found after 1139 bachtracks
final result
 0 0 0 0 0 0 0 0 0 0 0 0           0 0 0 0 0 0 0 0 0 0 0 0  
 0 0 0 0 0 0 0 0 0 0 0 0           0 0 0 0 0 0 0 0 0 0 0 0  
 0 0 0 0 0 1 0 1 1 1 0 0           0 0 0 0 0 2 0 3 3 3 0 0  
 0 1 1 1 0 1 0 0 0 0 0 0           0 3 3 3 0 2 0 0 0 0 0 0  
 0 0 0 0 0 0 0 0 0 0 0 0           0 0 0 0 0 0 0 0 0 0 0 0  
 0 0 0 0 1 0 1 1 1 1 0 0           0 0 0 0 2 0 4 4 4 4 0 0  
 0 1 1 0 1 0 0 0 0 0 0 0           0 2 2 0 2 0 0 0 0 0 0 0  
 0 0 0 0 0 0 1 0 1 0 0 0           0 0 0 0 0 0 1 0 1 0 0 0  
 0 1 0 0 0 0 0 0 0 0 1 0           0 1 0 0 0 0 0 0 0 0 1 0  
 0 0 0 0 0 0 0 0 0 0 0 0           0 0 0 0 0 0 0 0 0 0 0 0  
 0 0 0 0 0 0 0 0 0 0 0 0           0 0 0 0 0 0 0 0 0 0 0 0  
 0 0 0 0 0 0 0 0 0 0 0 0           0 0 0 0 0 0 0 0 0 0 0 0  
execution time was 3313 ms.
puzzle nb 62
File LDDMaxECL.ecl, line 29: Singleton variable X
Solution found after 1997 bachtracks
final result
 0 0 0 0 0 0 0 0 0 0 0 0           0 0 0 0 0 0 0 0 0 0 0 0  
 0 0 0 1 0 0 0 0 0 0 0 0           0 0 0 1 0 0 0 0 0 0 0 0  
 0 0 0 0 0 0 0 0 0 0 0 0           0 0 0 0 0 0 0 0 0 0 0 0  
 0 0 0 0 1 0 1 0 0 0 0 0           0 0 0 0 2 0 1 0 0 0 0 0  
 0 0 0 0 1 0 0 0 0 0 0 0           0 0 0 0 2 0 0 0 0 0 0 0  
 0 0 0 0 0 0 0 0 0 0 0 0           0 0 0 0 0 0 0 0 0 0 0 0  
 0 0 0 0 0 0 0 1 1 1 0 0           0 0 0 0 0 0 0 3 3 3 0 0  
 0 0 1 1 1 1 0 0 0 0 0 0           0 0 4 4 4 4 0 0 0 0 0 0  
 0 0 0 0 0 0 0 1 1 1 0 0           0 0 0 0 0 0 0 3 3 3 0 0  
 0 0 0 0 0 1 0 0 0 0 0 0           0 0 0 0 0 2 0 0 0 0 0 0  
 0 0 1 1 0 1 0 1 0 1 0 0           0 0 2 2 0 2 0 1 0 1 0 0  
 0 0 0 0 0 0 0 0 0 0 0 0           0 0 0 0 0 0 0 0 0 0 0 0  
execution time was 11605 ms.
puzzle nb 67
File LDDMaxECL.ecl, line 29: Singleton variable X
Solution found after 8 bachtracks
final result
 0 0 0 0 0 0 0 0 0 0 0 0           0 0 0 0 0 0 0 0 0 0 0 0  
 0 0 0 0 0 0 0 0 0 0 0 0           0 0 0 0 0 0 0 0 0 0 0 0  
 0 1 0 1 0 0 0 0 0 1 0 0           0 3 0 4 0 0 0 0 0 3 0 0  
 0 1 0 1 0 1 0 1 0 1 0 0           0 3 0 4 0 2 0 2 0 3 0 0  
 0 1 0 1 0 1 0 1 0 1 0 0           0 3 0 4 0 2 0 2 0 3 0 0  
 0 0 0 1 0 0 0 0 0 0 0 0           0 0 0 4 0 0 0 0 0 0 0 0  
 0 0 0 0 0 1 0 1 0 1 0 0           0 0 0 0 0 1 0 1 0 1 0 0  
 0 1 1 0 0 0 0 0 0 0 0 0           0 2 2 0 0 0 0 0 0 0 0 0  
 0 0 0 0 0 0 0 0 0 0 0 0           0 0 0 0 0 0 0 0 0 0 0 0  
 0 0 0 0 0 0 1 0 0 0 0 0           0 0 0 0 0 0 1 0 0 0 0 0  
 0 0 0 0 0 0 0 0 0 0 0 0           0 0 0 0 0 0 0 0 0 0 0 0  
 0 0 0 0 0 0 0 0 0 0 0 0           0 0 0 0 0 0 0 0 0 0 0 0  
execution time was 359 ms.
puzzle nb 68
File LDDMaxECL.ecl, line 29: Singleton variable X
Solution found after 290 bachtracks
final result
 0 0 0 0 0 0 0 0 0 0 0 0           0 0 0 0 0 0 0 0 0 0 0 0  
 0 0 0 0 0 0 0 0 0 0 0 0           0 0 0 0 0 0 0 0 0 0 0 0  
 0 0 1 0 0 0 0 0 0 0 0 0           0 0 3 0 0 0 0 0 0 0 0 0  
 0 0 1 0 0 1 0 0 1 1 0 0           0 0 3 0 0 4 0 0 2 2 0 0  
 0 0 1 0 0 1 0 0 0 0 0 0           0 0 3 0 0 4 0 0 0 0 0 0  
 0 0 0 0 0 1 0 1 1 0 1 0           0 0 0 0 0 4 0 2 2 0 1 0  
 0 1 0 1 0 1 0 0 0 0 0 0           0 1 0 1 0 4 0 0 0 0 0 0  
 0 0 0 0 0 0 0 1 1 0 1 0           0 0 0 0 0 0 0 2 2 0 1 0  
 0 0 1 0 0 0 0 0 0 0 0 0           0 0 3 0 0 0 0 0 0 0 0 0  
 0 0 1 0 0 0 0 0 0 0 0 0           0 0 3 0 0 0 0 0 0 0 0 0  
 0 0 1 0 0 0 0 0 0 0 0 0           0 0 3 0 0 0 0 0 0 0 0 0  
 0 0 0 0 0 0 0 0 0 0 0 0           0 0 0 0 0 0 0 0 0 0 0 0  
execution time was 1113 ms.
puzzle nb 70
File LDDMaxECL.ecl, line 29: Singleton variable X
Solution found after 5950 bachtracks
final result
 0 0 0 0 0 0 0 0 0 0 0 0           0 0 0 0 0 0 0 0 0 0 0 0  
 0 0 0 0 0 0 0 1 1 1 0 0           0 0 0 0 0 0 0 3 3 3 0 0  
 0 0 0 0 1 0 0 0 0 0 0 0           0 0 0 0 1 0 0 0 0 0 0 0  
 0 1 1 0 0 0 1 1 1 1 0 0           0 2 2 0 0 0 4 4 4 4 0 0  
 0 0 0 0 1 0 0 0 0 0 0 0           0 0 0 0 1 0 0 0 0 0 0 0  
 0 0 0 0 0 0 1 1 0 1 1 0           0 0 0 0 0 0 2 2 0 2 2 0  
 0 1 1 1 0 0 0 0 0 0 0 0           0 3 3 3 0 0 0 0 0 0 0 0  
 0 0 0 0 0 1 0 1 0 0 0 0           0 0 0 0 0 1 0 1 0 0 0 0  
 0 0 0 0 0 0 0 0 0 0 0 0           0 0 0 0 0 0 0 0 0 0 0 0  
 0 0 0 0 0 0 0 0 0 0 0 0           0 0 0 0 0 0 0 0 0 0 0 0  
 0 0 0 0 0 0 0 0 0 0 0 0           0 0 0 0 0 0 0 0 0 0 0 0  
 0 0 0 0 0 0 0 0 0 0 0 0           0 0 0 0 0 0 0 0 0 0 0 0  
execution time was 23994 ms.
puzzle nb 102
File LDDMaxECL.ecl, line 29: Singleton variable X
Solution found after 57 bachtracks
final result
 0 0 0 0 0 0 0 0 0 0 0 0           0 0 0 0 0 0 0 0 0 0 0 0  
 0 0 0 0 0 0 1 0 0 0 0 0           0 0 0 0 0 0 1 0 0 0 0 0  
 0 0 0 0 0 0 0 0 0 0 0 0           0 0 0 0 0 0 0 0 0 0 0 0  
 0 0 0 0 0 0 0 0 0 0 0 0           0 0 0 0 0 0 0 0 0 0 0 0  
 0 1 0 0 0 0 0 0 0 0 0 0           0 2 0 0 0 0 0 0 0 0 0 0  
 0 1 0 0 0 0 0 0 1 1 1 0           0 2 0 0 0 0 0 0 3 3 3 0  
 0 0 0 0 0 0 0 0 0 0 0 0           0 0 0 0 0 0 0 0 0 0 0 0  
 0 0 0 1 0 0 0 0 0 0 0 0           0 0 0 2 0 0 0 0 0 0 0 0  
 0 1 0 1 0 0 1 1 1 1 0 0           0 3 0 2 0 0 4 4 4 4 0 0  
 0 1 0 0 0 0 0 0 0 0 0 0           0 3 0 0 0 0 0 0 0 0 0 0  
 0 1 0 1 1 0 1 0 1 0 1 0           0 3 0 2 2 0 1 0 1 0 1 0  
 0 0 0 0 0 0 0 0 0 0 0 0           0 0 0 0 0 0 0 0 0 0 0 0  
execution time was 486 ms.
puzzle nb 112
File LDDMaxECL.ecl, line 29: Singleton variable X
Solution found after 1447 bachtracks
final result
 0 0 0 0 0 0 0 0 0 0 0 0           0 0 0 0 0 0 0 0 0 0 0 0  
 0 0 1 1 1 0 1 0 0 0 0 0           0 0 3 3 3 0 1 0 0 0 0 0  
 0 0 0 0 0 0 0 0 0 0 0 0           0 0 0 0 0 0 0 0 0 0 0 0  
 0 0 0 0 0 0 0 0 0 0 0 0           0 0 0 0 0 0 0 0 0 0 0 0  
 0 0 0 1 0 0 0 0 0 0 0 0           0 0 0 2 0 0 0 0 0 0 0 0  
 0 0 0 1 0 0 0 0 0 0 0 0           0 0 0 2 0 0 0 0 0 0 0 0  
 0 0 0 0 0 0 0 0 0 0 0 0           0 0 0 0 0 0 0 0 0 0 0 0  
 0 1 0 0 1 0 1 0 0 0 0 0           0 4 0 0 2 0 2 0 0 0 0 0  
 0 1 0 0 1 0 1 0 1 0 0 0           0 4 0 0 2 0 2 0 1 0 0 0  
 0 1 0 0 0 0 0 0 0 0 1 0           0 4 0 0 0 0 0 0 0 0 1 0  
 0 1 0 1 0 1 1 1 0 0 0 0           0 4 0 1 0 3 3 3 0 0 0 0  
 0 0 0 0 0 0 0 0 0 0 0 0           0 0 0 0 0 0 0 0 0 0 0 0  
execution time was 6396 ms.
puzzle nb 118
File LDDMaxECL.ecl, line 29: Singleton variable X
Solution found after 452 bachtracks
final result
 0 0 0 0 0 0 0 0 0 0 0 0           0 0 0 0 0 0 0 0 0 0 0 0  
 0 1 0 1 0 0 0 0 0 0 0 0           0 1 0 1 0 0 0 0 0 0 0 0  
 0 0 0 0 0 0 0 0 0 0 0 0           0 0 0 0 0 0 0 0 0 0 0 0  
 0 0 0 0 0 0 0 0 0 0 0 0           0 0 0 0 0 0 0 0 0 0 0 0  
 0 0 0 0 0 0 0 0 0 0 0 0           0 0 0 0 0 0 0 0 0 0 0 0  
 0 0 1 0 1 1 1 0 0 0 0 0           0 0 2 0 3 3 3 0 0 0 0 0  
 0 0 1 0 0 0 0 0 1 1 1 0           0 0 2 0 0 0 0 0 3 3 3 0  
 0 0 0 0 1 1 0 0 0 0 0 0           0 0 0 0 2 2 0 0 0 0 0 0  
 0 0 0 0 0 0 0 1 0 1 0 0           0 0 0 0 0 0 0 1 0 2 0 0  
 0 1 1 1 1 0 0 0 0 1 0 0           0 4 4 4 4 0 0 0 0 2 0 0  
 0 0 0 0 0 0 1 0 0 0 0 0           0 0 0 0 0 0 1 0 0 0 0 0  
 0 0 0 0 0 0 0 0 0 0 0 0           0 0 0 0 0 0 0 0 0 0 0 0  
execution time was 4956 ms.
puzzle nb 133
File LDDMaxECL.ecl, line 29: Singleton variable X
Solution found after 3507 bachtracks
final result
 0 0 0 0 0 0 0 0 0 0 0 0           0 0 0 0 0 0 0 0 0 0 0 0  
 0 0 0 0 0 0 0 0 0 0 0 0           0 0 0 0 0 0 0 0 0 0 0 0  
 0 0 0 0 0 0 0 1 0 0 0 0           0 0 0 0 0 0 0 1 0 0 0 0  
 0 0 0 0 0 0 0 0 0 0 0 0           0 0 0 0 0 0 0 0 0 0 0 0  
 0 0 0 0 0 1 0 0 0 0 0 0           0 0 0 0 0 1 0 0 0 0 0 0  
 0 1 0 0 0 0 0 0 0 0 0 0           0 1 0 0 0 0 0 0 0 0 0 0  
 0 0 0 0 0 0 0 1 1 1 0 0           0 0 0 0 0 0 0 3 3 3 0 0  
 0 0 1 1 1 1 0 0 0 0 0 0           0 0 4 4 4 4 0 0 0 0 0 0  
 0 0 0 0 0 0 0 1 1 1 0 0           0 0 0 0 0 0 0 3 3 3 0 0  
 0 1 1 0 1 0 0 0 0 0 0 0           0 2 2 0 2 0 0 0 0 0 0 0  
 0 0 0 0 1 0 1 1 0 1 0 0           0 0 0 0 2 0 2 2 0 1 0 0  
 0 0 0 0 0 0 0 0 0 0 0 0           0 0 0 0 0 0 0 0 0 0 0 0  
execution time was 16292 ms.
puzzle nb 161
File LDDMaxECL.ecl, line 29: Singleton variable X
Solution found after 239 bachtracks
final result
 0 0 0 0 0 0 0 0 0 0 0 0           0 0 0 0 0 0 0 0 0 0 0 0  
 0 0 0 0 0 0 0 0 0 0 0 0           0 0 0 0 0 0 0 0 0 0 0 0  
 0 0 0 0 0 0 0 0 0 0 0 0           0 0 0 0 0 0 0 0 0 0 0 0  
 0 0 0 0 0 0 1 0 1 1 1 0           0 0 0 0 0 0 2 0 3 3 3 0  
 0 0 1 1 1 0 1 0 0 0 0 0           0 0 3 3 3 0 2 0 0 0 0 0  
 0 0 0 0 0 0 0 0 0 1 1 0           0 0 0 0 0 0 0 0 0 2 2 0  
 0 1 0 0 1 1 1 1 0 0 0 0           0 1 0 0 4 4 4 4 0 0 0 0  
 0 0 0 0 0 0 0 0 0 1 0 0           0 0 0 0 0 0 0 0 0 1 0 0  
 0 1 0 0 0 0 0 1 0 0 0 0           0 1 0 0 0 0 0 2 0 0 0 0  
 0 0 0 0 0 0 0 1 0 0 1 0           0 0 0 0 0 0 0 2 0 0 1 0  
 0 0 0 0 0 0 0 0 0 0 0 0           0 0 0 0 0 0 0 0 0 0 0 0  
 0 0 0 0 0 0 0 0 0 0 0 0           0 0 0 0 0 0 0 0 0 0 0 0  
execution time was 1971 ms.
puzzle nb 173
File LDDMaxECL.ecl, line 29: Singleton variable X
Solution found after 6704 bachtracks
final result
 0 0 0 0 0 0 0 0 0 0 0 0           0 0 0 0 0 0 0 0 0 0 0 0  
 0 0 0 0 0 0 0 0 0 0 0 0           0 0 0 0 0 0 0 0 0 0 0 0  
 0 0 0 0 0 0 0 0 0 0 0 0           0 0 0 0 0 0 0 0 0 0 0 0  
 0 0 0 0 0 0 0 0 1 0 0 0           0 0 0 0 0 0 0 0 3 0 0 0  
 0 0 0 1 0 1 0 0 1 0 1 0           0 0 0 1 0 1 0 0 3 0 2 0  
 0 1 0 0 0 0 0 0 1 0 1 0           0 3 0 0 0 0 0 0 3 0 2 0  
 0 1 0 1 1 1 1 0 0 0 0 0           0 3 0 4 4 4 4 0 0 0 0 0  
 0 1 0 0 0 0 0 0 1 1 0 0           0 3 0 0 0 0 0 0 2 2 0 0  
 0 0 0 1 1 0 1 0 0 0 0 0           0 0 0 2 2 0 1 0 0 0 0 0  
 0 1 0 0 0 0 0 0 0 0 0 0           0 1 0 0 0 0 0 0 0 0 0 0  
 0 0 0 0 0 0 0 0 0 0 0 0           0 0 0 0 0 0 0 0 0 0 0 0  
 0 0 0 0 0 0 0 0 0 0 0 0           0 0 0 0 0 0 0 0 0 0 0 0  
execution time was 16974 ms.
puzzle nb 177
File LDDMaxECL.ecl, line 29: Singleton variable X
Solution found after 5535 bachtracks
final result
 0 0 0 0 0 0 0 0 0 0 0 0           0 0 0 0 0 0 0 0 0 0 0 0  
 0 0 0 0 0 1 1 0 0 0 0 0           0 0 0 0 0 2 2 0 0 0 0 0  
 0 0 0 0 0 0 0 0 0 0 0 0           0 0 0 0 0 0 0 0 0 0 0 0  
 0 1 1 0 0 0 0 0 1 1 1 0           0 2 2 0 0 0 0 0 3 3 3 0  
 0 0 0 0 0 1 0 0 0 0 0 0           0 0 0 0 0 2 0 0 0 0 0 0  
 0 0 0 0 0 1 0 1 0 1 0 0           0 0 0 0 0 2 0 1 0 1 0 0  
 0 1 1 1 0 0 0 0 0 0 0 0           0 3 3 3 0 0 0 0 0 0 0 0  
 0 0 0 0 0 0 0 0 1 0 1 0           0 0 0 0 0 0 0 0 1 0 1 0  
 0 0 0 1 1 1 1 0 0 0 0 0           0 0 0 4 4 4 4 0 0 0 0 0  
 0 0 0 0 0 0 0 0 0 0 0 0           0 0 0 0 0 0 0 0 0 0 0 0  
 0 0 0 0 0 0 0 0 0 0 0 0           0 0 0 0 0 0 0 0 0 0 0 0  
 0 0 0 0 0 0 0 0 0 0 0 0           0 0 0 0 0 0 0 0 0 0 0 0  
execution time was 17171 ms.
puzzle nb 182
File LDDMaxECL.ecl, line 29: Singleton variable X
Solution found after 78434 bachtracks
final result
 0 0 0 0 0 0 0 0 0 0 0 0           0 0 0 0 0 0 0 0 0 0 0 0  
 0 0 0 0 0 0 0 0 0 0 0 0           0 0 0 0 0 0 0 0 0 0 0 0  
 0 0 0 0 0 0 1 0 1 1 0 0           0 0 0 0 0 0 2 0 2 2 0 0  
 0 0 1 1 0 0 1 0 0 0 0 0           0 0 2 2 0 0 2 0 0 0 0 0  
 0 0 0 0 0 0 0 0 0 1 0 0           0 0 0 0 0 0 0 0 0 1 0 0  
 0 0 0 0 0 0 0 1 0 0 0 0           0 0 0 0 0 0 0 3 0 0 0 0  
 0 0 0 0 0 0 0 1 0 1 0 0           0 0 0 0 0 0 0 3 0 1 0 0  
 0 0 0 0 0 0 0 1 0 0 0 0           0 0 0 0 0 0 0 3 0 0 0 0  
 0 0 0 0 0 0 0 0 0 1 0 0           0 0 0 0 0 0 0 0 0 1 0 0  
 0 0 0 1 1 1 1 0 0 0 0 0           0 0 0 4 4 4 4 0 0 0 0 0  
 0 1 0 0 0 0 0 0 1 1 1 0           0 1 0 0 0 0 0 0 3 3 3 0  
 0 0 0 0 0 0 0 0 0 0 0 0           0 0 0 0 0 0 0 0 0 0 0 0  
execution time was 337219 ms.
puzzle nb 187
File LDDMaxECL.ecl, line 29: Singleton variable X
Solution found after 30 bachtracks
final result
 0 0 0 0 0 0 0 0 0 0 0 0           0 0 0 0 0 0 0 0 0 0 0 0  
 0 0 0 0 0 0 0 0 0 0 0 0           0 0 0 0 0 0 0 0 0 0 0 0  
 0 0 1 0 0 0 0 0 0 1 0 0           0 0 2 0 0 0 0 0 0 3 0 0  
 0 0 1 0 1 1 1 1 0 1 0 0           0 0 2 0 4 4 4 4 0 3 0 0  
 0 0 0 0 0 0 0 0 0 1 0 0           0 0 0 0 0 0 0 0 0 3 0 0  
 0 1 1 0 1 0 1 0 0 0 0 0           0 2 2 0 1 0 1 0 0 0 0 0  
 0 0 0 0 0 0 0 0 1 1 1 0           0 0 0 0 0 0 0 0 3 3 3 0  
 0 0 0 0 0 0 0 0 0 0 0 0           0 0 0 0 0 0 0 0 0 0 0 0  
 0 1 0 0 0 0 0 0 0 0 0 0           0 2 0 0 0 0 0 0 0 0 0 0  
 0 1 0 1 0 0 0 0 1 0 0 0           0 2 0 1 0 0 0 0 1 0 0 0  
 0 0 0 0 0 0 0 0 0 0 0 0           0 0 0 0 0 0 0 0 0 0 0 0  
 0 0 0 0 0 0 0 0 0 0 0 0           0 0 0 0 0 0 0 0 0 0 0 0  
execution time was 670 ms.
puzzle nb 189
File LDDMaxECL.ecl, line 29: Singleton variable X
Solution found after 4539 bachtracks
final result
 0 0 0 0 0 0 0 0 0 0 0 0           0 0 0 0 0 0 0 0 0 0 0 0  
 0 0 0 0 1 0 0 0 0 0 0 0           0 0 0 0 2 0 0 0 0 0 0 0  
 0 0 0 0 1 0 1 0 0 0 0 0           0 0 0 0 2 0 1 0 0 0 0 0  
 0 0 0 0 0 0 0 0 0 0 0 0           0 0 0 0 0 0 0 0 0 0 0 0  
 0 0 0 0 0 0 1 1 1 0 1 0           0 0 0 0 0 0 3 3 3 0 2 0  
 0 1 1 1 1 0 0 0 0 0 1 0           0 4 4 4 4 0 0 0 0 0 2 0  
 0 0 0 0 0 0 1 0 0 0 0 0           0 0 0 0 0 0 1 0 0 0 0 0  
 0 1 1 1 0 0 0 0 0 1 0 0           0 3 3 3 0 0 0 0 0 2 0 0  
 0 0 0 0 0 1 0 1 0 1 0 0           0 0 0 0 0 1 0 1 0 2 0 0  
 0 0 0 0 0 0 0 0 0 0 0 0           0 0 0 0 0 0 0 0 0 0 0 0  
 0 0 0 0 0 0 0 0 0 0 0 0           0 0 0 0 0 0 0 0 0 0 0 0  
 0 0 0 0 0 0 0 0 0 0 0 0           0 0 0 0 0 0 0 0 0 0 0 0  
execution time was 29984 ms.
puzzle nb 204
File LDDMaxECL.ecl, line 29: Singleton variable X
Solution found after 217 bachtracks
final result
 0 0 0 0 0 0 0 0 0 0 0 0           0 0 0 0 0 0 0 0 0 0 0 0  
 0 1 1 0 0 0 0 0 0 0 0 0           0 2 2 0 0 0 0 0 0 0 0 0  
 0 0 0 0 0 1 0 1 0 0 0 0           0 0 0 0 0 3 0 3 0 0 0 0  
 0 1 1 0 0 1 0 1 0 1 0 0           0 2 2 0 0 3 0 3 0 1 0 0  
 0 0 0 0 0 1 0 1 0 0 0 0           0 0 0 0 0 3 0 3 0 0 0 0  
 0 0 1 0 0 0 0 0 0 0 0 0           0 0 1 0 0 0 0 0 0 0 0 0  
 0 0 0 0 0 1 0 0 0 0 0 0           0 0 0 0 0 1 0 0 0 0 0 0  
 0 0 0 0 0 0 0 0 0 0 0 0           0 0 0 0 0 0 0 0 0 0 0 0  
 0 0 0 0 0 0 0 1 1 0 1 0           0 0 0 0 0 0 0 2 2 0 1 0  
 0 1 1 1 1 0 0 0 0 0 0 0           0 4 4 4 4 0 0 0 0 0 0 0  
 0 0 0 0 0 0 0 0 0 0 0 0           0 0 0 0 0 0 0 0 0 0 0 0  
 0 0 0 0 0 0 0 0 0 0 0 0           0 0 0 0 0 0 0 0 0 0 0 0  
execution time was 1396 ms.
puzzle nb 222
File LDDMaxECL.ecl, line 29: Singleton variable X
Solution found after 536 bachtracks
final result
 0 0 0 0 0 0 0 0 0 0 0 0           0 0 0 0 0 0 0 0 0 0 0 0  
 0 0 0 0 0 1 0 0 0 0 0 0           0 0 0 0 0 3 0 0 0 0 0 0  
 0 1 0 0 0 1 0 1 1 1 1 0           0 2 0 0 0 3 0 4 4 4 4 0  
 0 1 0 0 0 1 0 0 0 0 0 0           0 2 0 0 0 3 0 0 0 0 0 0  
 0 0 0 0 0 0 0 1 1 0 1 0           0 0 0 0 0 0 0 2 2 0 2 0  
 0 1 1 1 0 1 0 0 0 0 1 0           0 3 3 3 0 1 0 0 0 0 2 0  
 0 0 0 0 0 0 0 1 0 0 0 0           0 0 0 0 0 0 0 1 0 0 0 0  
 0 0 0 0 0 0 0 0 0 0 0 0           0 0 0 0 0 0 0 0 0 0 0 0  
 0 0 0 0 0 0 0 0 0 0 0 0           0 0 0 0 0 0 0 0 0 0 0 0  
 0 0 0 0 0 0 0 0 0 0 0 0           0 0 0 0 0 0 0 0 0 0 0 0  
 0 0 0 0 1 0 1 0 0 0 0 0           0 0 0 0 1 0 1 0 0 0 0 0  
 0 0 0 0 0 0 0 0 0 0 0 0           0 0 0 0 0 0 0 0 0 0 0 0  
execution time was 1941 ms.
puzzle nb 233
File LDDMaxECL.ecl, line 29: Singleton variable X
Solution found after 95 bachtracks
final result
 0 0 0 0 0 0 0 0 0 0 0 0           0 0 0 0 0 0 0 0 0 0 0 0  
 0 0 0 0 0 0 0 0 0 0 1 0           0 0 0 0 0 0 0 0 0 0 1 0  
 0 0 0 0 0 0 0 0 0 0 0 0           0 0 0 0 0 0 0 0 0 0 0 0  
 0 0 1 0 0 1 0 0 0 0 0 0           0 0 3 0 0 1 0 0 0 0 0 0  
 0 0 1 0 0 0 0 0 0 0 1 0           0 0 3 0 0 0 0 0 0 0 4 0  
 0 0 1 0 1 1 0 0 0 0 1 0           0 0 3 0 2 2 0 0 0 0 4 0  
 0 0 0 0 0 0 0 0 0 0 1 0           0 0 0 0 0 0 0 0 0 0 4 0  
 0 1 1 1 0 1 0 0 0 0 1 0           0 3 3 3 0 2 0 0 0 0 4 0  
 0 0 0 0 0 1 0 0 0 0 0 0           0 0 0 0 0 2 0 0 0 0 0 0  
 0 0 0 0 0 0 0 0 0 0 0 0           0 0 0 0 0 0 0 0 0 0 0 0  
 0 0 0 0 0 1 0 1 1 0 1 0           0 0 0 0 0 1 0 2 2 0 1 0  
 0 0 0 0 0 0 0 0 0 0 0 0           0 0 0 0 0 0 0 0 0 0 0 0  
execution time was 658 ms.
puzzle nb 271
File LDDMaxECL.ecl, line 29: Singleton variable X
Solution found after 9090 bachtracks
final result
 0 0 0 0 0 0 0 0 0 0 0 0           0 0 0 0 0 0 0 0 0 0 0 0  
 0 0 0 1 0 0 0 0 0 0 0 0           0 0 0 1 0 0 0 0 0 0 0 0  
 0 1 0 0 0 0 0 0 0 0 0 0           0 1 0 0 0 0 0 0 0 0 0 0  
 0 0 0 0 1 0 0 0 0 0 0 0           0 0 0 0 2 0 0 0 0 0 0 0  
 0 0 1 0 1 0 0 0 0 0 0 0           0 0 4 0 2 0 0 0 0 0 0 0  
 0 0 1 0 0 0 0 0 1 1 1 0           0 0 4 0 0 0 0 0 3 3 3 0  
 0 0 1 0 1 1 0 0 0 0 0 0           0 0 4 0 2 2 0 0 0 0 0 0  
 0 0 1 0 0 0 0 0 0 0 0 0           0 0 4 0 0 0 0 0 0 0 0 0  
 0 0 0 0 0 0 0 0 0 0 0 0           0 0 0 0 0 0 0 0 0 0 0 0  
 0 1 1 1 0 0 0 0 1 0 1 0           0 3 3 3 0 0 0 0 1 0 1 0  
 0 0 0 0 0 1 1 0 0 0 0 0           0 0 0 0 0 2 2 0 0 0 0 0  
 0 0 0 0 0 0 0 0 0 0 0 0           0 0 0 0 0 0 0 0 0 0 0 0  
execution time was 28538 ms.
puzzle nb 280
File LDDMaxECL.ecl, line 29: Singleton variable X
Solution found after 3228 bachtracks
final result
 0 0 0 0 0 0 0 0 0 0 0 0           0 0 0 0 0 0 0 0 0 0 0 0  
 0 0 0 1 1 1 0 1 1 1 0 0           0 0 0 3 3 3 0 3 3 3 0 0  
 0 1 0 0 0 0 0 0 0 0 0 0           0 1 0 0 0 0 0 0 0 0 0 0  
 0 0 0 1 0 0 0 0 0 0 0 0           0 0 0 4 0 0 0 0 0 0 0 0  
 0 0 0 1 0 0 0 0 0 0 0 0           0 0 0 4 0 0 0 0 0 0 0 0  
 0 1 0 1 0 1 1 0 0 0 0 0           0 2 0 4 0 2 2 0 0 0 0 0  
 0 1 0 1 0 0 0 0 1 1 0 0           0 2 0 4 0 0 0 0 2 2 0 0  
 0 0 0 0 0 1 0 0 0 0 0 0           0 0 0 0 0 1 0 0 0 0 0 0  
 0 0 0 0 0 0 0 0 0 0 0 0           0 0 0 0 0 0 0 0 0 0 0 0  
 0 0 0 0 1 0 0 0 0 0 0 0           0 0 0 0 1 0 0 0 0 0 0 0  
 0 0 0 0 0 0 1 0 0 0 0 0           0 0 0 0 0 0 1 0 0 0 0 0  
 0 0 0 0 0 0 0 0 0 0 0 0           0 0 0 0 0 0 0 0 0 0 0 0  
execution time was 11350 ms.
puzzle nb 281
File LDDMaxECL.ecl, line 29: Singleton variable X
Solution found after 1742 bachtracks
final result
 0 0 0 0 0 0 0 0 0 0 0 0           0 0 0 0 0 0 0 0 0 0 0 0  
 0 0 0 0 0 1 0 0 0 0 0 0           0 0 0 0 0 1 0 0 0 0 0 0  
 0 0 0 0 0 0 0 0 0 0 0 0           0 0 0 0 0 0 0 0 0 0 0 0  
 0 0 1 0 1 0 1 0 1 1 0 0           0 0 1 0 1 0 4 0 2 2 0 0  
 0 0 0 0 0 0 1 0 0 0 0 0           0 0 0 0 0 0 4 0 0 0 0 0  
 0 1 0 0 1 0 1 0 0 0 0 0           0 2 0 0 1 0 4 0 0 0 0 0  
 0 1 0 0 0 0 1 0 0 0 0 0           0 2 0 0 0 0 4 0 0 0 0 0  
 0 0 0 0 0 0 0 0 0 0 0 0           0 0 0 0 0 0 0 0 0 0 0 0  
 0 0 0 0 0 0 0 0 0 0 0 0           0 0 0 0 0 0 0 0 0 0 0 0  
 0 1 1 1 0 1 0 0 0 0 0 0           0 3 3 3 0 2 0 0 0 0 0 0  
 0 0 0 0 0 1 0 1 1 1 0 0           0 0 0 0 0 2 0 3 3 3 0 0  
 0 0 0 0 0 0 0 0 0 0 0 0           0 0 0 0 0 0 0 0 0 0 0 0  
execution time was 4002 ms.
puzzle nb 284
File LDDMaxECL.ecl, line 29: Singleton variable X
Solution found after 1075 bachtracks
final result
 0 0 0 0 0 0 0 0 0 0 0 0           0 0 0 0 0 0 0 0 0 0 0 0  
 0 0 0 0 0 0 0 0 0 0 0 0           0 0 0 0 0 0 0 0 0 0 0 0  
 0 0 0 0 0 0 0 0 0 1 0 0           0 0 0 0 0 0 0 0 0 1 0 0  
 0 0 0 0 0 0 0 0 0 0 0 0           0 0 0 0 0 0 0 0 0 0 0 0  
 0 0 0 0 0 0 0 0 0 0 0 0           0 0 0 0 0 0 0 0 0 0 0 0  
 0 1 0 0 0 0 0 0 1 1 1 0           0 3 0 0 0 0 0 0 3 3 3 0  
 0 1 0 1 1 0 1 0 0 0 0 0           0 3 0 2 2 0 1 0 0 0 0 0  
 0 1 0 0 0 0 0 0 0 1 1 0           0 3 0 0 0 0 0 0 0 2 2 0  
 0 0 0 0 1 1 1 1 0 0 0 0           0 0 0 0 4 4 4 4 0 0 0 0  
 0 1 0 0 0 0 0 0 0 1 0 0           0 2 0 0 0 0 0 0 0 1 0 0  
 0 1 0 0 0 0 1 0 0 0 0 0           0 2 0 0 0 0 1 0 0 0 0 0  
 0 0 0 0 0 0 0 0 0 0 0 0           0 0 0 0 0 0 0 0 0 0 0 0  
execution time was 7491 ms.
