puzzle nb 15
File SDDMinECL.ecl, line 29: Singleton variable X
Solution found after 795 bachtracks
final result
 0 0 0 0 0 0 0 0 0 0 0 0           0 0 0 0 0 0 0 0 0 0 0 0  
 0 0 0 0 0 0 0 0 0 0 0 0           0 0 0 0 0 0 0 0 0 0 0 0  
 0 0 0 0 1 0 0 0 0 0 0 0           0 0 0 0 1 0 0 0 0 0 0 0  
 0 0 0 0 0 0 1 0 0 0 0 0           0 0 0 0 0 0 1 0 0 0 0 0  
 0 0 0 0 0 0 0 0 0 0 0 0           0 0 0 0 0 0 0 0 0 0 0 0  
 0 1 0 1 0 0 0 1 0 1 0 0           0 2 0 2 0 0 0 3 0 2 0 0  
 0 1 0 1 0 1 0 1 0 1 0 0           0 2 0 2 0 1 0 3 0 2 0 0  
 0 0 0 0 0 0 0 1 0 0 0 0           0 0 0 0 0 0 0 3 0 0 0 0  
 0 0 0 0 0 0 0 0 0 0 1 0           0 0 0 0 0 0 0 0 0 0 3 0  
 0 0 0 1 0 0 0 0 0 0 1 0           0 0 0 1 0 0 0 0 0 0 3 0  
 0 0 0 0 0 1 1 1 1 0 1 0           0 0 0 0 0 4 4 4 4 0 3 0  
 0 0 0 0 0 0 0 0 0 0 0 0           0 0 0 0 0 0 0 0 0 0 0 0  
execution time was 4489 ms.
puzzle nb 17
File SDDMinECL.ecl, line 29: Singleton variable X
Solution found after 1 bachtracks
final result
 0 0 0 0 0 0 0 0 0 0 0 0           0 0 0 0 0 0 0 0 0 0 0 0  
 0 0 0 0 0 0 0 0 0 0 0 0           0 0 0 0 0 0 0 0 0 0 0 0  
 0 0 0 0 0 0 0 0 0 0 0 0           0 0 0 0 0 0 0 0 0 0 0 0  
 0 0 0 0 0 0 1 0 0 1 0 0           0 0 0 0 0 0 3 0 0 3 0 0  
 0 1 1 1 1 0 1 0 0 1 0 0           0 4 4 4 4 0 3 0 0 3 0 0  
 0 0 0 0 0 0 1 0 0 1 0 0           0 0 0 0 0 0 3 0 0 3 0 0  
 0 1 1 0 0 0 0 0 0 0 0 0           0 2 2 0 0 0 0 0 0 0 0 0  
 0 0 0 0 0 1 1 0 1 0 0 0           0 0 0 0 0 2 2 0 2 0 0 0  
 0 1 0 1 0 0 0 0 1 0 1 0           0 1 0 1 0 0 0 0 2 0 1 0  
 0 0 0 0 0 0 0 0 0 0 0 0           0 0 0 0 0 0 0 0 0 0 0 0  
 0 1 0 0 0 0 0 0 0 0 0 0           0 1 0 0 0 0 0 0 0 0 0 0  
 0 0 0 0 0 0 0 0 0 0 0 0           0 0 0 0 0 0 0 0 0 0 0 0  
execution time was 425 ms.
puzzle nb 41
File SDDMinECL.ecl, line 29: Singleton variable X
Solution found after 1 bachtracks
final result
 0 0 0 0 0 0 0 0 0 0 0 0           0 0 0 0 0 0 0 0 0 0 0 0  
 0 0 0 0 0 0 1 1 1 0 1 0           0 0 0 0 0 0 3 3 3 0 3 0  
 0 1 0 1 0 0 0 0 0 0 1 0           0 2 0 4 0 0 0 0 0 0 3 0  
 0 1 0 1 0 1 0 1 1 0 1 0           0 2 0 4 0 2 0 2 2 0 3 0  
 0 0 0 1 0 1 0 0 0 0 0 0           0 0 0 4 0 2 0 0 0 0 0 0  
 0 1 0 1 0 0 0 1 0 1 0 0           0 1 0 4 0 0 0 1 0 1 0 0  
 0 0 0 0 0 0 0 0 0 0 0 0           0 0 0 0 0 0 0 0 0 0 0 0  
 0 0 0 0 1 0 0 0 0 0 0 0           0 0 0 0 1 0 0 0 0 0 0 0  
 0 0 0 0 0 0 0 0 0 0 0 0           0 0 0 0 0 0 0 0 0 0 0 0  
 0 0 0 0 0 0 0 0 0 0 0 0           0 0 0 0 0 0 0 0 0 0 0 0  
 0 0 0 0 0 0 0 0 0 0 0 0           0 0 0 0 0 0 0 0 0 0 0 0  
 0 0 0 0 0 0 0 0 0 0 0 0           0 0 0 0 0 0 0 0 0 0 0 0  
execution time was 379 ms.
puzzle nb 42
File SDDMinECL.ecl, line 29: Singleton variable X
Solution found after 6 bachtracks
final result
 0 0 0 0 0 0 0 0 0 0 0 0           0 0 0 0 0 0 0 0 0 0 0 0  
 0 0 0 0 0 1 1 1 0 1 1 0           0 0 0 0 0 3 3 3 0 2 2 0  
 0 1 0 0 0 0 0 0 0 0 0 0           0 1 0 0 0 0 0 0 0 0 0 0  
 0 0 0 0 0 0 1 1 1 1 0 0           0 0 0 0 0 0 4 4 4 4 0 0  
 0 0 0 0 1 0 0 0 0 0 0 0           0 0 0 0 2 0 0 0 0 0 0 0  
 0 0 1 0 1 0 1 0 1 0 0 0           0 0 2 0 2 0 1 0 1 0 0 0  
 0 0 1 0 0 0 0 0 0 0 0 0           0 0 2 0 0 0 0 0 0 0 0 0  
 0 0 0 0 0 0 0 0 0 0 0 0           0 0 0 0 0 0 0 0 0 0 0 0  
 0 0 0 0 0 0 0 0 0 0 0 0           0 0 0 0 0 0 0 0 0 0 0 0  
 0 0 0 1 1 1 0 0 0 0 0 0           0 0 0 3 3 3 0 0 0 0 0 0  
 0 0 0 0 0 0 0 1 0 0 0 0           0 0 0 0 0 0 0 1 0 0 0 0  
 0 0 0 0 0 0 0 0 0 0 0 0           0 0 0 0 0 0 0 0 0 0 0 0  
execution time was 405 ms.
puzzle nb 61
File SDDMinECL.ecl, line 29: Singleton variable X
Solution found after 90 bachtracks
final result
 0 0 0 0 0 0 0 0 0 0 0 0           0 0 0 0 0 0 0 0 0 0 0 0  
 0 0 0 0 0 0 0 0 0 0 0 0           0 0 0 0 0 0 0 0 0 0 0 0  
 0 0 0 0 0 1 0 1 1 1 0 0           0 0 0 0 0 2 0 3 3 3 0 0  
 0 1 1 1 0 1 0 0 0 0 0 0           0 3 3 3 0 2 0 0 0 0 0 0  
 0 0 0 0 0 0 0 0 0 0 0 0           0 0 0 0 0 0 0 0 0 0 0 0  
 0 0 0 0 1 0 1 1 1 1 0 0           0 0 0 0 2 0 4 4 4 4 0 0  
 0 1 1 0 1 0 0 0 0 0 0 0           0 2 2 0 2 0 0 0 0 0 0 0  
 0 0 0 0 0 0 1 0 1 0 0 0           0 0 0 0 0 0 1 0 1 0 0 0  
 0 1 0 0 0 0 0 0 0 0 1 0           0 1 0 0 0 0 0 0 0 0 1 0  
 0 0 0 0 0 0 0 0 0 0 0 0           0 0 0 0 0 0 0 0 0 0 0 0  
 0 0 0 0 0 0 0 0 0 0 0 0           0 0 0 0 0 0 0 0 0 0 0 0  
 0 0 0 0 0 0 0 0 0 0 0 0           0 0 0 0 0 0 0 0 0 0 0 0  
execution time was 639 ms.
puzzle nb 62
File SDDMinECL.ecl, line 29: Singleton variable X
Solution found after 2500 bachtracks
final result
 0 0 0 0 0 0 0 0 0 0 0 0           0 0 0 0 0 0 0 0 0 0 0 0  
 0 0 0 1 0 0 0 0 0 0 0 0           0 0 0 1 0 0 0 0 0 0 0 0  
 0 0 0 0 0 0 0 0 0 0 0 0           0 0 0 0 0 0 0 0 0 0 0 0  
 0 0 0 0 1 0 1 0 0 0 0 0           0 0 0 0 2 0 1 0 0 0 0 0  
 0 0 0 0 1 0 0 0 0 0 0 0           0 0 0 0 2 0 0 0 0 0 0 0  
 0 0 0 0 0 0 0 0 0 0 0 0           0 0 0 0 0 0 0 0 0 0 0 0  
 0 0 0 0 0 0 0 1 1 1 0 0           0 0 0 0 0 0 0 3 3 3 0 0  
 0 0 1 1 1 1 0 0 0 0 0 0           0 0 4 4 4 4 0 0 0 0 0 0  
 0 0 0 0 0 0 0 1 1 1 0 0           0 0 0 0 0 0 0 3 3 3 0 0  
 0 0 0 0 0 1 0 0 0 0 0 0           0 0 0 0 0 2 0 0 0 0 0 0  
 0 0 1 1 0 1 0 1 0 1 0 0           0 0 2 2 0 2 0 1 0 1 0 0  
 0 0 0 0 0 0 0 0 0 0 0 0           0 0 0 0 0 0 0 0 0 0 0 0  
execution time was 9873 ms.
puzzle nb 67
File SDDMinECL.ecl, line 29: Singleton variable X
Solution found after 15 bachtracks
final result
 0 0 0 0 0 0 0 0 0 0 0 0           0 0 0 0 0 0 0 0 0 0 0 0  
 0 0 0 0 0 0 0 0 0 0 0 0           0 0 0 0 0 0 0 0 0 0 0 0  
 0 1 0 1 0 0 0 0 0 1 0 0           0 3 0 4 0 0 0 0 0 3 0 0  
 0 1 0 1 0 1 0 1 0 1 0 0           0 3 0 4 0 2 0 2 0 3 0 0  
 0 1 0 1 0 1 0 1 0 1 0 0           0 3 0 4 0 2 0 2 0 3 0 0  
 0 0 0 1 0 0 0 0 0 0 0 0           0 0 0 4 0 0 0 0 0 0 0 0  
 0 0 0 0 0 1 0 1 0 1 0 0           0 0 0 0 0 1 0 1 0 1 0 0  
 0 1 1 0 0 0 0 0 0 0 0 0           0 2 2 0 0 0 0 0 0 0 0 0  
 0 0 0 0 0 0 0 0 0 0 0 0           0 0 0 0 0 0 0 0 0 0 0 0  
 0 0 0 0 0 0 1 0 0 0 0 0           0 0 0 0 0 0 1 0 0 0 0 0  
 0 0 0 0 0 0 0 0 0 0 0 0           0 0 0 0 0 0 0 0 0 0 0 0  
 0 0 0 0 0 0 0 0 0 0 0 0           0 0 0 0 0 0 0 0 0 0 0 0  
execution time was 392 ms.
puzzle nb 68
File SDDMinECL.ecl, line 29: Singleton variable X
Solution found after 278 bachtracks
final result
 0 0 0 0 0 0 0 0 0 0 0 0           0 0 0 0 0 0 0 0 0 0 0 0  
 0 0 0 0 0 0 0 0 0 0 0 0           0 0 0 0 0 0 0 0 0 0 0 0  
 0 0 1 0 0 0 0 0 0 0 0 0           0 0 3 0 0 0 0 0 0 0 0 0  
 0 0 1 0 0 1 0 0 1 1 0 0           0 0 3 0 0 4 0 0 2 2 0 0  
 0 0 1 0 0 1 0 0 0 0 0 0           0 0 3 0 0 4 0 0 0 0 0 0  
 0 0 0 0 0 1 0 1 1 0 1 0           0 0 0 0 0 4 0 2 2 0 1 0  
 0 1 0 1 0 1 0 0 0 0 0 0           0 1 0 1 0 4 0 0 0 0 0 0  
 0 0 0 0 0 0 0 1 1 0 1 0           0 0 0 0 0 0 0 2 2 0 1 0  
 0 0 1 0 0 0 0 0 0 0 0 0           0 0 3 0 0 0 0 0 0 0 0 0  
 0 0 1 0 0 0 0 0 0 0 0 0           0 0 3 0 0 0 0 0 0 0 0 0  
 0 0 1 0 0 0 0 0 0 0 0 0           0 0 3 0 0 0 0 0 0 0 0 0  
 0 0 0 0 0 0 0 0 0 0 0 0           0 0 0 0 0 0 0 0 0 0 0 0  
execution time was 1655 ms.
puzzle nb 70
File SDDMinECL.ecl, line 29: Singleton variable X
Solution found after 37 bachtracks
final result
 0 0 0 0 0 0 0 0 0 0 0 0           0 0 0 0 0 0 0 0 0 0 0 0  
 0 0 0 0 0 0 0 1 1 1 0 0           0 0 0 0 0 0 0 3 3 3 0 0  
 0 0 0 0 1 0 0 0 0 0 0 0           0 0 0 0 1 0 0 0 0 0 0 0  
 0 1 1 0 0 0 1 1 1 1 0 0           0 2 2 0 0 0 4 4 4 4 0 0  
 0 0 0 0 1 0 0 0 0 0 0 0           0 0 0 0 1 0 0 0 0 0 0 0  
 0 0 0 0 0 0 1 1 0 1 1 0           0 0 0 0 0 0 2 2 0 2 2 0  
 0 1 1 1 0 0 0 0 0 0 0 0           0 3 3 3 0 0 0 0 0 0 0 0  
 0 0 0 0 0 1 0 1 0 0 0 0           0 0 0 0 0 1 0 1 0 0 0 0  
 0 0 0 0 0 0 0 0 0 0 0 0           0 0 0 0 0 0 0 0 0 0 0 0  
 0 0 0 0 0 0 0 0 0 0 0 0           0 0 0 0 0 0 0 0 0 0 0 0  
 0 0 0 0 0 0 0 0 0 0 0 0           0 0 0 0 0 0 0 0 0 0 0 0  
 0 0 0 0 0 0 0 0 0 0 0 0           0 0 0 0 0 0 0 0 0 0 0 0  
execution time was 606 ms.
puzzle nb 102
File SDDMinECL.ecl, line 29: Singleton variable X
Solution found after 51 bachtracks
final result
 0 0 0 0 0 0 0 0 0 0 0 0           0 0 0 0 0 0 0 0 0 0 0 0  
 0 0 0 0 0 0 1 0 0 0 0 0           0 0 0 0 0 0 1 0 0 0 0 0  
 0 0 0 0 0 0 0 0 0 0 0 0           0 0 0 0 0 0 0 0 0 0 0 0  
 0 0 0 0 0 0 0 0 0 0 0 0           0 0 0 0 0 0 0 0 0 0 0 0  
 0 1 0 0 0 0 0 0 0 0 0 0           0 2 0 0 0 0 0 0 0 0 0 0  
 0 1 0 0 0 0 0 0 1 1 1 0           0 2 0 0 0 0 0 0 3 3 3 0  
 0 0 0 0 0 0 0 0 0 0 0 0           0 0 0 0 0 0 0 0 0 0 0 0  
 0 0 0 1 0 0 0 0 0 0 0 0           0 0 0 2 0 0 0 0 0 0 0 0  
 0 1 0 1 0 0 1 1 1 1 0 0           0 3 0 2 0 0 4 4 4 4 0 0  
 0 1 0 0 0 0 0 0 0 0 0 0           0 3 0 0 0 0 0 0 0 0 0 0  
 0 1 0 1 1 0 1 0 1 0 1 0           0 3 0 2 2 0 1 0 1 0 1 0  
 0 0 0 0 0 0 0 0 0 0 0 0           0 0 0 0 0 0 0 0 0 0 0 0  
execution time was 516 ms.
puzzle nb 112
File SDDMinECL.ecl, line 29: Singleton variable X
Solution found after 238 bachtracks
final result
 0 0 0 0 0 0 0 0 0 0 0 0           0 0 0 0 0 0 0 0 0 0 0 0  
 0 0 1 1 1 0 1 0 0 0 0 0           0 0 3 3 3 0 1 0 0 0 0 0  
 0 0 0 0 0 0 0 0 0 0 0 0           0 0 0 0 0 0 0 0 0 0 0 0  
 0 0 0 0 0 0 0 0 0 0 0 0           0 0 0 0 0 0 0 0 0 0 0 0  
 0 0 0 1 0 0 0 0 0 0 0 0           0 0 0 2 0 0 0 0 0 0 0 0  
 0 0 0 1 0 0 0 0 0 0 0 0           0 0 0 2 0 0 0 0 0 0 0 0  
 0 0 0 0 0 0 0 0 0 0 0 0           0 0 0 0 0 0 0 0 0 0 0 0  
 0 1 0 0 1 0 1 0 0 0 0 0           0 4 0 0 2 0 2 0 0 0 0 0  
 0 1 0 0 1 0 1 0 1 0 0 0           0 4 0 0 2 0 2 0 1 0 0 0  
 0 1 0 0 0 0 0 0 0 0 1 0           0 4 0 0 0 0 0 0 0 0 1 0  
 0 1 0 1 0 1 1 1 0 0 0 0           0 4 0 1 0 3 3 3 0 0 0 0  
 0 0 0 0 0 0 0 0 0 0 0 0           0 0 0 0 0 0 0 0 0 0 0 0  
execution time was 1449 ms.
puzzle nb 118
File SDDMinECL.ecl, line 29: Singleton variable X
Solution found after 1184 bachtracks
final result
 0 0 0 0 0 0 0 0 0 0 0 0           0 0 0 0 0 0 0 0 0 0 0 0  
 0 1 0 1 0 0 0 0 0 0 0 0           0 1 0 1 0 0 0 0 0 0 0 0  
 0 0 0 0 0 0 0 0 0 0 0 0           0 0 0 0 0 0 0 0 0 0 0 0  
 0 0 0 0 0 0 0 0 0 0 0 0           0 0 0 0 0 0 0 0 0 0 0 0  
 0 0 0 0 0 0 0 0 0 0 0 0           0 0 0 0 0 0 0 0 0 0 0 0  
 0 0 1 0 1 1 1 0 0 0 0 0           0 0 2 0 3 3 3 0 0 0 0 0  
 0 0 1 0 0 0 0 0 1 1 1 0           0 0 2 0 0 0 0 0 3 3 3 0  
 0 0 0 0 1 1 0 0 0 0 0 0           0 0 0 0 2 2 0 0 0 0 0 0  
 0 0 0 0 0 0 0 1 0 1 0 0           0 0 0 0 0 0 0 1 0 2 0 0  
 0 1 1 1 1 0 0 0 0 1 0 0           0 4 4 4 4 0 0 0 0 2 0 0  
 0 0 0 0 0 0 1 0 0 0 0 0           0 0 0 0 0 0 1 0 0 0 0 0  
 0 0 0 0 0 0 0 0 0 0 0 0           0 0 0 0 0 0 0 0 0 0 0 0  
execution time was 6510 ms.
puzzle nb 133
File SDDMinECL.ecl, line 29: Singleton variable X
Solution found after 128 bachtracks
final result
 0 0 0 0 0 0 0 0 0 0 0 0           0 0 0 0 0 0 0 0 0 0 0 0  
 0 0 0 0 0 0 0 0 0 0 0 0           0 0 0 0 0 0 0 0 0 0 0 0  
 0 0 0 0 0 0 0 1 0 0 0 0           0 0 0 0 0 0 0 1 0 0 0 0  
 0 0 0 0 0 0 0 0 0 0 0 0           0 0 0 0 0 0 0 0 0 0 0 0  
 0 0 0 0 0 1 0 0 0 0 0 0           0 0 0 0 0 1 0 0 0 0 0 0  
 0 1 0 0 0 0 0 0 0 0 0 0           0 1 0 0 0 0 0 0 0 0 0 0  
 0 0 0 0 0 0 0 1 1 1 0 0           0 0 0 0 0 0 0 3 3 3 0 0  
 0 0 1 1 1 1 0 0 0 0 0 0           0 0 4 4 4 4 0 0 0 0 0 0  
 0 0 0 0 0 0 0 1 1 1 0 0           0 0 0 0 0 0 0 3 3 3 0 0  
 0 1 1 0 1 0 0 0 0 0 0 0           0 2 2 0 2 0 0 0 0 0 0 0  
 0 0 0 0 1 0 1 1 0 1 0 0           0 0 0 0 2 0 2 2 0 1 0 0  
 0 0 0 0 0 0 0 0 0 0 0 0           0 0 0 0 0 0 0 0 0 0 0 0  
execution time was 1159 ms.
puzzle nb 161
File SDDMinECL.ecl, line 29: Singleton variable X
Solution found after 0 bachtracks
final result
 0 0 0 0 0 0 0 0 0 0 0 0           0 0 0 0 0 0 0 0 0 0 0 0  
 0 0 0 0 0 0 0 0 0 0 0 0           0 0 0 0 0 0 0 0 0 0 0 0  
 0 0 0 0 0 0 0 0 0 0 0 0           0 0 0 0 0 0 0 0 0 0 0 0  
 0 0 0 0 0 0 1 0 1 1 1 0           0 0 0 0 0 0 2 0 3 3 3 0  
 0 0 1 1 1 0 1 0 0 0 0 0           0 0 3 3 3 0 2 0 0 0 0 0  
 0 0 0 0 0 0 0 0 0 1 1 0           0 0 0 0 0 0 0 0 0 2 2 0  
 0 1 0 0 1 1 1 1 0 0 0 0           0 1 0 0 4 4 4 4 0 0 0 0  
 0 0 0 0 0 0 0 0 0 1 0 0           0 0 0 0 0 0 0 0 0 1 0 0  
 0 1 0 0 0 0 0 1 0 0 0 0           0 1 0 0 0 0 0 2 0 0 0 0  
 0 0 0 0 0 0 0 1 0 0 1 0           0 0 0 0 0 0 0 2 0 0 1 0  
 0 0 0 0 0 0 0 0 0 0 0 0           0 0 0 0 0 0 0 0 0 0 0 0  
 0 0 0 0 0 0 0 0 0 0 0 0           0 0 0 0 0 0 0 0 0 0 0 0  
execution time was 394 ms.
puzzle nb 173
File SDDMinECL.ecl, line 29: Singleton variable X
Solution found after 22 bachtracks
final result
 0 0 0 0 0 0 0 0 0 0 0 0           0 0 0 0 0 0 0 0 0 0 0 0  
 0 0 0 0 0 0 0 0 0 0 0 0           0 0 0 0 0 0 0 0 0 0 0 0  
 0 0 0 0 0 0 0 0 0 0 0 0           0 0 0 0 0 0 0 0 0 0 0 0  
 0 0 0 0 0 0 0 0 1 0 0 0           0 0 0 0 0 0 0 0 3 0 0 0  
 0 0 0 1 0 1 0 0 1 0 1 0           0 0 0 1 0 1 0 0 3 0 2 0  
 0 1 0 0 0 0 0 0 1 0 1 0           0 3 0 0 0 0 0 0 3 0 2 0  
 0 1 0 1 1 1 1 0 0 0 0 0           0 3 0 4 4 4 4 0 0 0 0 0  
 0 1 0 0 0 0 0 0 1 1 0 0           0 3 0 0 0 0 0 0 2 2 0 0  
 0 0 0 1 1 0 1 0 0 0 0 0           0 0 0 2 2 0 1 0 0 0 0 0  
 0 1 0 0 0 0 0 0 0 0 0 0           0 1 0 0 0 0 0 0 0 0 0 0  
 0 0 0 0 0 0 0 0 0 0 0 0           0 0 0 0 0 0 0 0 0 0 0 0  
 0 0 0 0 0 0 0 0 0 0 0 0           0 0 0 0 0 0 0 0 0 0 0 0  
execution time was 472 ms.
puzzle nb 177
File SDDMinECL.ecl, line 29: Singleton variable X
Solution found after 557 bachtracks
final result
 0 0 0 0 0 0 0 0 0 0 0 0           0 0 0 0 0 0 0 0 0 0 0 0  
 0 0 0 0 0 1 1 0 0 0 0 0           0 0 0 0 0 2 2 0 0 0 0 0  
 0 0 0 0 0 0 0 0 0 0 0 0           0 0 0 0 0 0 0 0 0 0 0 0  
 0 1 1 0 0 0 0 0 1 1 1 0           0 2 2 0 0 0 0 0 3 3 3 0  
 0 0 0 0 0 1 0 0 0 0 0 0           0 0 0 0 0 2 0 0 0 0 0 0  
 0 0 0 0 0 1 0 1 0 1 0 0           0 0 0 0 0 2 0 1 0 1 0 0  
 0 1 1 1 0 0 0 0 0 0 0 0           0 3 3 3 0 0 0 0 0 0 0 0  
 0 0 0 0 0 0 0 0 1 0 1 0           0 0 0 0 0 0 0 0 1 0 1 0  
 0 0 0 1 1 1 1 0 0 0 0 0           0 0 0 4 4 4 4 0 0 0 0 0  
 0 0 0 0 0 0 0 0 0 0 0 0           0 0 0 0 0 0 0 0 0 0 0 0  
 0 0 0 0 0 0 0 0 0 0 0 0           0 0 0 0 0 0 0 0 0 0 0 0  
 0 0 0 0 0 0 0 0 0 0 0 0           0 0 0 0 0 0 0 0 0 0 0 0  
execution time was 2287 ms.
puzzle nb 182
File SDDMinECL.ecl, line 29: Singleton variable X
Solution found after 2953 bachtracks
final result
 0 0 0 0 0 0 0 0 0 0 0 0           0 0 0 0 0 0 0 0 0 0 0 0  
 0 0 0 0 0 0 0 0 0 0 0 0           0 0 0 0 0 0 0 0 0 0 0 0  
 0 0 0 0 0 0 1 0 1 1 0 0           0 0 0 0 0 0 2 0 2 2 0 0  
 0 0 1 1 0 0 1 0 0 0 0 0           0 0 2 2 0 0 2 0 0 0 0 0  
 0 0 0 0 0 0 0 0 0 1 0 0           0 0 0 0 0 0 0 0 0 1 0 0  
 0 0 0 0 0 0 0 1 0 0 0 0           0 0 0 0 0 0 0 3 0 0 0 0  
 0 0 0 0 0 0 0 1 0 1 0 0           0 0 0 0 0 0 0 3 0 1 0 0  
 0 0 0 0 0 0 0 1 0 0 0 0           0 0 0 0 0 0 0 3 0 0 0 0  
 0 0 0 0 0 0 0 0 0 1 0 0           0 0 0 0 0 0 0 0 0 1 0 0  
 0 0 0 1 1 1 1 0 0 0 0 0           0 0 0 4 4 4 4 0 0 0 0 0  
 0 1 0 0 0 0 0 0 1 1 1 0           0 1 0 0 0 0 0 0 3 3 3 0  
 0 0 0 0 0 0 0 0 0 0 0 0           0 0 0 0 0 0 0 0 0 0 0 0  
execution time was 13139 ms.
puzzle nb 187
File SDDMinECL.ecl, line 29: Singleton variable X
Solution found after 21 bachtracks
final result
 0 0 0 0 0 0 0 0 0 0 0 0           0 0 0 0 0 0 0 0 0 0 0 0  
 0 0 0 0 0 0 0 0 0 0 0 0           0 0 0 0 0 0 0 0 0 0 0 0  
 0 0 1 0 0 0 0 0 0 1 0 0           0 0 2 0 0 0 0 0 0 3 0 0  
 0 0 1 0 1 1 1 1 0 1 0 0           0 0 2 0 4 4 4 4 0 3 0 0  
 0 0 0 0 0 0 0 0 0 1 0 0           0 0 0 0 0 0 0 0 0 3 0 0  
 0 1 1 0 1 0 1 0 0 0 0 0           0 2 2 0 1 0 1 0 0 0 0 0  
 0 0 0 0 0 0 0 0 1 1 1 0           0 0 0 0 0 0 0 0 3 3 3 0  
 0 0 0 0 0 0 0 0 0 0 0 0           0 0 0 0 0 0 0 0 0 0 0 0  
 0 1 0 0 0 0 0 0 0 0 0 0           0 2 0 0 0 0 0 0 0 0 0 0  
 0 1 0 1 0 0 0 0 1 0 0 0           0 2 0 1 0 0 0 0 1 0 0 0  
 0 0 0 0 0 0 0 0 0 0 0 0           0 0 0 0 0 0 0 0 0 0 0 0  
 0 0 0 0 0 0 0 0 0 0 0 0           0 0 0 0 0 0 0 0 0 0 0 0  
execution time was 510 ms.
puzzle nb 189
File SDDMinECL.ecl, line 29: Singleton variable X
Solution found after 1401 bachtracks
final result
 0 0 0 0 0 0 0 0 0 0 0 0           0 0 0 0 0 0 0 0 0 0 0 0  
 0 0 0 0 1 0 0 0 0 0 0 0           0 0 0 0 2 0 0 0 0 0 0 0  
 0 0 0 0 1 0 1 0 0 0 0 0           0 0 0 0 2 0 1 0 0 0 0 0  
 0 0 0 0 0 0 0 0 0 0 0 0           0 0 0 0 0 0 0 0 0 0 0 0  
 0 0 0 0 0 0 1 1 1 0 1 0           0 0 0 0 0 0 3 3 3 0 2 0  
 0 1 1 1 1 0 0 0 0 0 1 0           0 4 4 4 4 0 0 0 0 0 2 0  
 0 0 0 0 0 0 1 0 0 0 0 0           0 0 0 0 0 0 1 0 0 0 0 0  
 0 1 1 1 0 0 0 0 0 1 0 0           0 3 3 3 0 0 0 0 0 2 0 0  
 0 0 0 0 0 1 0 1 0 1 0 0           0 0 0 0 0 1 0 1 0 2 0 0  
 0 0 0 0 0 0 0 0 0 0 0 0           0 0 0 0 0 0 0 0 0 0 0 0  
 0 0 0 0 0 0 0 0 0 0 0 0           0 0 0 0 0 0 0 0 0 0 0 0  
 0 0 0 0 0 0 0 0 0 0 0 0           0 0 0 0 0 0 0 0 0 0 0 0  
execution time was 6416 ms.
puzzle nb 204
File SDDMinECL.ecl, line 29: Singleton variable X
Solution found after 503 bachtracks
final result
 0 0 0 0 0 0 0 0 0 0 0 0           0 0 0 0 0 0 0 0 0 0 0 0  
 0 1 1 0 0 0 0 0 0 0 0 0           0 2 2 0 0 0 0 0 0 0 0 0  
 0 0 0 0 0 1 0 1 0 0 0 0           0 0 0 0 0 3 0 3 0 0 0 0  
 0 1 1 0 0 1 0 1 0 1 0 0           0 2 2 0 0 3 0 3 0 1 0 0  
 0 0 0 0 0 1 0 1 0 0 0 0           0 0 0 0 0 3 0 3 0 0 0 0  
 0 0 1 0 0 0 0 0 0 0 0 0           0 0 1 0 0 0 0 0 0 0 0 0  
 0 0 0 0 0 1 0 0 0 0 0 0           0 0 0 0 0 1 0 0 0 0 0 0  
 0 0 0 0 0 0 0 0 0 0 0 0           0 0 0 0 0 0 0 0 0 0 0 0  
 0 0 0 0 0 0 0 1 1 0 1 0           0 0 0 0 0 0 0 2 2 0 1 0  
 0 1 1 1 1 0 0 0 0 0 0 0           0 4 4 4 4 0 0 0 0 0 0 0  
 0 0 0 0 0 0 0 0 0 0 0 0           0 0 0 0 0 0 0 0 0 0 0 0  
 0 0 0 0 0 0 0 0 0 0 0 0           0 0 0 0 0 0 0 0 0 0 0 0  
execution time was 2436 ms.
puzzle nb 222
File SDDMinECL.ecl, line 29: Singleton variable X
Solution found after 95 bachtracks
final result
 0 0 0 0 0 0 0 0 0 0 0 0           0 0 0 0 0 0 0 0 0 0 0 0  
 0 0 0 0 0 1 0 0 0 0 0 0           0 0 0 0 0 3 0 0 0 0 0 0  
 0 1 0 0 0 1 0 1 1 1 1 0           0 2 0 0 0 3 0 4 4 4 4 0  
 0 1 0 0 0 1 0 0 0 0 0 0           0 2 0 0 0 3 0 0 0 0 0 0  
 0 0 0 0 0 0 0 1 1 0 1 0           0 0 0 0 0 0 0 2 2 0 2 0  
 0 1 1 1 0 1 0 0 0 0 1 0           0 3 3 3 0 1 0 0 0 0 2 0  
 0 0 0 0 0 0 0 1 0 0 0 0           0 0 0 0 0 0 0 1 0 0 0 0  
 0 0 0 0 0 0 0 0 0 0 0 0           0 0 0 0 0 0 0 0 0 0 0 0  
 0 0 0 0 0 0 0 0 0 0 0 0           0 0 0 0 0 0 0 0 0 0 0 0  
 0 0 0 0 0 0 0 0 0 0 0 0           0 0 0 0 0 0 0 0 0 0 0 0  
 0 0 0 0 1 0 1 0 0 0 0 0           0 0 0 0 1 0 1 0 0 0 0 0  
 0 0 0 0 0 0 0 0 0 0 0 0           0 0 0 0 0 0 0 0 0 0 0 0  
execution time was 805 ms.
puzzle nb 233
File SDDMinECL.ecl, line 29: Singleton variable X
Solution found after 7 bachtracks
final result
 0 0 0 0 0 0 0 0 0 0 0 0           0 0 0 0 0 0 0 0 0 0 0 0  
 0 0 0 0 0 0 0 0 0 0 1 0           0 0 0 0 0 0 0 0 0 0 1 0  
 0 0 0 0 0 0 0 0 0 0 0 0           0 0 0 0 0 0 0 0 0 0 0 0  
 0 0 1 0 0 1 0 0 0 0 0 0           0 0 3 0 0 1 0 0 0 0 0 0  
 0 0 1 0 0 0 0 0 0 0 1 0           0 0 3 0 0 0 0 0 0 0 4 0  
 0 0 1 0 1 1 0 0 0 0 1 0           0 0 3 0 2 2 0 0 0 0 4 0  
 0 0 0 0 0 0 0 0 0 0 1 0           0 0 0 0 0 0 0 0 0 0 4 0  
 0 1 1 1 0 1 0 0 0 0 1 0           0 3 3 3 0 2 0 0 0 0 4 0  
 0 0 0 0 0 1 0 0 0 0 0 0           0 0 0 0 0 2 0 0 0 0 0 0  
 0 0 0 0 0 0 0 0 0 0 0 0           0 0 0 0 0 0 0 0 0 0 0 0  
 0 0 0 0 0 1 0 1 1 0 1 0           0 0 0 0 0 1 0 2 2 0 1 0  
 0 0 0 0 0 0 0 0 0 0 0 0           0 0 0 0 0 0 0 0 0 0 0 0  
execution time was 407 ms.
puzzle nb 271
File SDDMinECL.ecl, line 29: Singleton variable X
Solution found after 2032 bachtracks
final result
 0 0 0 0 0 0 0 0 0 0 0 0           0 0 0 0 0 0 0 0 0 0 0 0  
 0 0 0 1 0 0 0 0 0 0 0 0           0 0 0 1 0 0 0 0 0 0 0 0  
 0 1 0 0 0 0 0 0 0 0 0 0           0 1 0 0 0 0 0 0 0 0 0 0  
 0 0 0 0 1 0 0 0 0 0 0 0           0 0 0 0 2 0 0 0 0 0 0 0  
 0 0 1 0 1 0 0 0 0 0 0 0           0 0 4 0 2 0 0 0 0 0 0 0  
 0 0 1 0 0 0 0 0 1 1 1 0           0 0 4 0 0 0 0 0 3 3 3 0  
 0 0 1 0 1 1 0 0 0 0 0 0           0 0 4 0 2 2 0 0 0 0 0 0  
 0 0 1 0 0 0 0 0 0 0 0 0           0 0 4 0 0 0 0 0 0 0 0 0  
 0 0 0 0 0 0 0 0 0 0 0 0           0 0 0 0 0 0 0 0 0 0 0 0  
 0 1 1 1 0 0 0 0 1 0 1 0           0 3 3 3 0 0 0 0 1 0 1 0  
 0 0 0 0 0 1 1 0 0 0 0 0           0 0 0 0 0 2 2 0 0 0 0 0  
 0 0 0 0 0 0 0 0 0 0 0 0           0 0 0 0 0 0 0 0 0 0 0 0  
execution time was 9151 ms.
puzzle nb 280
File SDDMinECL.ecl, line 29: Singleton variable X
Solution found after 66 bachtracks
final result
 0 0 0 0 0 0 0 0 0 0 0 0           0 0 0 0 0 0 0 0 0 0 0 0  
 0 0 0 1 1 1 0 1 1 1 0 0           0 0 0 3 3 3 0 3 3 3 0 0  
 0 1 0 0 0 0 0 0 0 0 0 0           0 1 0 0 0 0 0 0 0 0 0 0  
 0 0 0 1 0 0 0 0 0 0 0 0           0 0 0 4 0 0 0 0 0 0 0 0  
 0 0 0 1 0 0 0 0 0 0 0 0           0 0 0 4 0 0 0 0 0 0 0 0  
 0 1 0 1 0 1 1 0 0 0 0 0           0 2 0 4 0 2 2 0 0 0 0 0  
 0 1 0 1 0 0 0 0 1 1 0 0           0 2 0 4 0 0 0 0 2 2 0 0  
 0 0 0 0 0 1 0 0 0 0 0 0           0 0 0 0 0 1 0 0 0 0 0 0  
 0 0 0 0 0 0 0 0 0 0 0 0           0 0 0 0 0 0 0 0 0 0 0 0  
 0 0 0 0 1 0 0 0 0 0 0 0           0 0 0 0 1 0 0 0 0 0 0 0  
 0 0 0 0 0 0 1 0 0 0 0 0           0 0 0 0 0 0 1 0 0 0 0 0  
 0 0 0 0 0 0 0 0 0 0 0 0           0 0 0 0 0 0 0 0 0 0 0 0  
execution time was 541 ms.
puzzle nb 281
File SDDMinECL.ecl, line 29: Singleton variable X
Solution found after 395 bachtracks
final result
 0 0 0 0 0 0 0 0 0 0 0 0           0 0 0 0 0 0 0 0 0 0 0 0  
 0 0 0 0 0 1 0 0 0 0 0 0           0 0 0 0 0 1 0 0 0 0 0 0  
 0 0 0 0 0 0 0 0 0 0 0 0           0 0 0 0 0 0 0 0 0 0 0 0  
 0 0 1 0 1 0 1 0 1 1 0 0           0 0 1 0 1 0 4 0 2 2 0 0  
 0 0 0 0 0 0 1 0 0 0 0 0           0 0 0 0 0 0 4 0 0 0 0 0  
 0 1 0 0 1 0 1 0 0 0 0 0           0 2 0 0 1 0 4 0 0 0 0 0  
 0 1 0 0 0 0 1 0 0 0 0 0           0 2 0 0 0 0 4 0 0 0 0 0  
 0 0 0 0 0 0 0 0 0 0 0 0           0 0 0 0 0 0 0 0 0 0 0 0  
 0 0 0 0 0 0 0 0 0 0 0 0           0 0 0 0 0 0 0 0 0 0 0 0  
 0 1 1 1 0 1 0 0 0 0 0 0           0 3 3 3 0 2 0 0 0 0 0 0  
 0 0 0 0 0 1 0 1 1 1 0 0           0 0 0 0 0 2 0 3 3 3 0 0  
 0 0 0 0 0 0 0 0 0 0 0 0           0 0 0 0 0 0 0 0 0 0 0 0  
execution time was 1386 ms.
puzzle nb 284
File SDDMinECL.ecl, line 29: Singleton variable X
Solution found after 18 bachtracks
final result
 0 0 0 0 0 0 0 0 0 0 0 0           0 0 0 0 0 0 0 0 0 0 0 0  
 0 0 0 0 0 0 0 0 0 0 0 0           0 0 0 0 0 0 0 0 0 0 0 0  
 0 0 0 0 0 0 0 0 0 1 0 0           0 0 0 0 0 0 0 0 0 1 0 0  
 0 0 0 0 0 0 0 0 0 0 0 0           0 0 0 0 0 0 0 0 0 0 0 0  
 0 0 0 0 0 0 0 0 0 0 0 0           0 0 0 0 0 0 0 0 0 0 0 0  
 0 1 0 0 0 0 0 0 1 1 1 0           0 3 0 0 0 0 0 0 3 3 3 0  
 0 1 0 1 1 0 1 0 0 0 0 0           0 3 0 2 2 0 1 0 0 0 0 0  
 0 1 0 0 0 0 0 0 0 1 1 0           0 3 0 0 0 0 0 0 0 2 2 0  
 0 0 0 0 1 1 1 1 0 0 0 0           0 0 0 0 4 4 4 4 0 0 0 0  
 0 1 0 0 0 0 0 0 0 1 0 0           0 2 0 0 0 0 0 0 0 1 0 0  
 0 1 0 0 0 0 1 0 0 0 0 0           0 2 0 0 0 0 1 0 0 0 0 0  
 0 0 0 0 0 0 0 0 0 0 0 0           0 0 0 0 0 0 0 0 0 0 0 0  
execution time was 463 ms.
